1000 9117 247 47
916 525 4
424 268 2
610 230 3
503 657 4
304 954 4
750 951 3
645 634 3
900 480 5
789 808 4
382 863 4
294 751 3
440 257 1
887 823 1
397 125 3
516 598 4
847 337 5
501 356 1
170 488 3
304 708 5
890 175 1
903 444 3
21 786 3
261 808 2
904 810 4
83 508 4
415 482 5
820 878 4
289 82 3
437 349 3
202 988 1
13 71 2
652 68 3
417 644 5
512 26 3
685 59 5
542 883 1
753 609 3
437 51 1
683 386 1
325 543 3
445 625 5
194 651 5
768 721 2
682 423 5
688 462 1
907 23 2
237 872 1
436 135 4
297 171 5
542 134 2
836 67 4
393 800 1
308 440 4
816 680 2
143 928 4
234 152 2
112 595 3
194 283 1
760 908 4
568 535 2
182 866 4
356 160 2
463 336 2
596 25 4
299 387 1
528 585 1
307 769 2
379 446 5
214 619 1
114 934 1
279 394 3
54 505 4
608 356 1
101 68 1
45 593 3
602 256 2
970 347 5
641 144 4
83 395 5
27 402 2
505 916 1
767 366 3
873 536 1
436 313 1
352 56 3
854 769 1
768 505 1
353 889 3
981 79 1
568 532 1
807 668 5
126 833 3
410 168 1
130 328 1
788 378 1
439 307 4
355 437 5
150 296 2
900 363 4
199 741 2
392 889 1
631 497 4
377 8 3
6 194 1
140 108 5
681 508 4
942 664 4
904 4 5
720 468 4
272 119 3
427 812 4
778 683 3
163 882 1
94 83 4
412 641 1
979 541 1
260 756 3
617 247 1
361 875 5
144 805 4
5 692 4
406 835 5
274 856 1
722 359 1
304 670 2
21 613 1
311 944 1
686 904 4
622 867 4
911 298 5
122 742 5
618 324 4
795 68 1
155 553 2
424 426 4
227 384 1
42 345 3
635 879 3
634 207 5
568 149 3
824 37 2
424 383 1
610 751 1
729 557 2
620 741 5
100 876 5
177 485 2
553 134 2
976 261 4
754 474 2
179 481 1
74 535 5
695 720 1
466 613 3
254 27 5
428 81 3
512 694 5
103 886 2
641 486 1
938 635 2
769 842 1
722 468 4
181 801 3
488 422 2
659 904 5
40 72 5
801 666 5
979 584 5
685 930 4
993 261 4
737 538 5
491 243 3
31 797 2
433 35 5
348 139 5
563 453 5
228 575 1
187 678 2
229 837 1
152 56 5
776 492 3
144 507 3
295 632 4
967 666 2
398 308 4
526 576 1
803 880 2
361 100 2
279 120 3
206 384 1
671 708 3
947 558 5
530 990 4
566 66 1
915 481 4
947 108 2
591 27 3
509 262 3
572 67 4
718 794 2
490 403 5
516 866 5
644 693 1
86 974 4
439 26 2
727 548 3
268 309 4
738 888 5
991 683 1
869 998 5
178 888 4
211 683 1
53 978 1
993 618 4
761 216 1
494 44 3
904 740 4
553 569 4
724 379 5
781 117 3
408 270 5
551 663 5
900 63 4
547 591 2
427 540 5
133 219 1
436 611 3
246 4 1
949 351 3
225 429 1
94 517 2
156 711 2
168 885 4
203 90 3
309 199 2
824 136 1
168 759 2
489 137 5
40 275 5
205 874 2
924 606 4
788 928 2
84 266 4
339 500 5
322 160 4
238 61 3
983 245 3
303 43 2
474 351 5
156 938 5
536 300 5
238 704 5
234 593 1
563 11 5
262 653 5
539 664 3
118 656 1
667 209 5
665 670 3
938 414 2
63 560 2
342 793 2
834 234 5
358 626 4
204 258 5
46 647 3
563 741 4
275 174 4
143 252 2
66 591 4
712 947 5
234 542 3
53 296 5
590 256 3
226 451 4
590 141 4
464 408 3
564 527 4
974 327 5
476 334 4
172 510 5
440 497 2
558 432 4
192 443 2
817 414 2
984 929 3
200 694 3
863 1 3
14 506 4
798 970 2
691 299 1
150 119 1
67 427 3
459 370 1
209 703 2
53 790 1
724 209 4
965 420 4
75 820 4
949 935 4
654 452 4
419 782 2
182 723 5
612 225 5
261 324 4
49 435 2
440 160 5
524 430 2
816 501 1
551 533 2
378 165 1
272 476 3
77 801 4
941 230 4
755 799 4
645 50 3
677 227 2
800 640 4
955 524 4
416 748 1
462 950 1
637 194 5
3 500 2
761 145 2
302 726 3
932 215 3
582 188 4
851 382 1
570 8 5
627 308 2
175 116 5
704 303 5
491 450 4
7 548 1
940 892 5
188 6 2
97 658 1
148 337 1
778 262 5
946 768 5
141 647 1
218 18 4
614 481 4
926 114 4
609 918 1
363 986 2
219 697 4
680 878 5
769 415 5
781 586 2
519 315 1
26 855 1
201 200 3
890 630 3
819 618 4
406 924 5
206 61 4
605 395 1
516 148 1
999 124 1
503 382 4
94 15 2
931 793 4
782 474 3
471 840 4
901 383 3
779 262 1
794 785 1
264 807 1
957 63 4
423 347 1
412 624 2
739 549 3
937 925 1
749 203 3
417 571 5
53 454 1
479 419 1
440 966 5
89 395 5
981 258 5
627 651 1
850 593 5
795 359 1
85 686 1
840 776 4
448 573 3
382 140 5
447 532 4
481 702 3
928 389 1
446 703 3
995 818 3
234 660 3
663 529 3
4 634 2
705 533 2
33 278 3
864 619 4
564 638 5
813 460 1
170 991 3
378 638 1
406 29 2
62 933 5
612 292 1
769 89 2
909 196 5
631 88 1
741 108 4
249 610 5
613 86 5
33 94 1
793 836 4
973 384 4
598 899 5
532 849 4
470 794 5
416 620 2
602 532 3
774 219 2
999 192 1
890 207 2
951 81 2
154 72 3
574 128 1
517 190 5
652 128 4
224 923 1
357 239 3
177 320 1
558 469 2
848 656 2
1 469 3
689 978 4
440 293 3
278 992 2
110 927 4
254 488 1
440 862 3
320 405 4
266 732 3
336 79 4
956 381 4
23 81 1
428 141 2
480 840 5
617 971 1
692 631 2
629 103 4
568 937 3
544 408 4
32 671 5
983 100 1
165 756 4
121 24 3
375 792 5
340 499 1
275 613 1
245 623 4
894 245 4
527 987 4
143 206 3
980 835 2
105 747 4
407 665 2
33 782 1
606 702 5
548 738 3
147 448 1
685 168 4
25 577 4
541 877 5
447 833 3
805 882 2
17 755 2
416 658 4
718 696 2
18 925 4
895 635 5
505 348 5
526 254 2
384 600 3
984 666 2
513 939 1
375 623 5
306 164 4
23 575 5
977 503 5
202 411 5
296 214 1
211 84 3
229 218 4
369 122 5
699 494 4
912 49 2
562 671 1
171 282 4
133 691 1
741 288 4
251 993 4
712 173 5
641 439 4
843 23 3
831 141 4
940 963 4
594 619 5
755 127 2
522 286 5
59 377 2
887 126 3
356 820 5
339 471 3
57 995 3
662 102 4
396 10 2
5 862 4
751 80 5
470 610 5
882 255 1
617 140 2
160 398 2
172 336 4
395 420 3
886 488 3
903 697 3
464 854 5
830 816 4
223 475 1
216 270 1
678 850 1
982 839 5
631 356 1
995 627 5
598 303 3
328 561 5
118 70 3
394 180 5
885 59 2
364 500 2
571 287 4
767 492 1
244 87 3
387 265 1
551 147 4
889 111 5
129 92 2
51 845 1
545 171 2
16 292 1
833 229 1
333 332 4
846 564 1
689 215 5
496 238 3
331 715 5
783 305 2
629 263 3
211 170 1
432 24 4
797 531 5
752 503 2
199 721 3
516 337 4
755 134 1
754 782 2
749 308 2
665 648 4
520 606 4
427 275 1
683 30 3
679 24 3
883 314 5
245 876 2
736 753 2
666 626 5
493 173 3
492 366 3
575 500 3
826 781 5
924 116 2
422 180 1
389 369 5
747 673 4
614 446 4
980 592 5
97 416 4
532 428 3
817 257 2
137 865 1
565 895 2
706 501 1
109 789 5
476 359 1
591 191 5
821 128 4
734 116 5
68 665 2
790 792 4
255 989 3
120 146 5
172 219 5
627 281 2
577 696 5
888 679 4
120 386 3
208 167 5
968 432 2
527 274 2
33 277 4
773 333 3
97 927 3
908 924 4
89 919 5
854 26 5
402 654 5
809 376 3
364 590 2
962 465 3
494 283 5
899 948 4
427 86 3
651 690 3
242 194 2
213 429 5
524 369 2
299 267 1
441 516 2
321 291 4
861 699 1
909 728 1
163 624 1
663 834 4
509 778 3
281 6 1
874 59 2
922 259 1
865 401 4
302 505 3
334 722 3
581 175 5
974 98 5
201 825 3
124 685 1
727 351 2
38 470 3
581 434 1
725 253 4
46 823 1
160 826 1
669 606 4
314 688 2
68 595 5
192 393 2
196 241 3
415 277 5
126 514 1
52 217 4
29 728 3
649 461 3
343 225 1
546 228 4
785 577 2
729 740 1
832 749 2
601 633 4
818 170 2
230 519 2
608 565 5
769 331 5
946 54 5
225 421 4
863 916 1
704 633 3
271 505 4
453 556 1
208 691 3
657 178 5
922 33 5
774 559 5
208 438 4
439 727 2
402 845 1
66 285 3
532 611 1
537 85 1
563 278 2
280 337 5
114 814 4
393 733 3
439 376 3
961 8 1
667 936 2
409 176 1
262 754 4
527 206 4
544 420 4
605 694 5
347 66 1
88 203 2
302 173 1
482 674 3
978 652 4
341 75 2
143 410 2
509 700 1
13 752 2
380 978 5
596 217 4
866 511 4
332 811 2
439 395 4
975 192 5
294 528 3
401 579 5
107 48 1
651 607 1
451 492 2
263 653 1
860 465 5
862 232 5
74 366 3
431 476 5
578 842 4
233 569 5
711 746 1
649 796 3
151 232 3
810 189 5
21 152 2
816 57 4
51 902 5
535 447 2
914 464 2
208 458 3
815 680 2
51 991 1
59 260 4
521 105 1
493 190 5
640 346 1
306 997 4
541 896 3
294 521 2
138 477 5
641 674 2
387 191 5
944 951 2
808 198 1
949 769 1
588 336 4
674 508 5
692 796 2
177 481 4
547 828 1
387 51 5
563 97 2
866 47 4
119 652 3
406 291 1
692 690 5
833 849 3
224 710 3
220 388 2
224 521 2
342 551 4
394 162 5
69 620 3
242 160 1
460 448 4
616 260 2
448 642 4
41 92 4
229 957 1
198 80 1
986 951 5
228 81 2
557 815 4
113 770 4
919 507 4
939 228 1
326 625 1
305 912 3
325 780 4
791 767 4
990 10 4
313 907 5
474 965 2
218 3 2
390 652 3
459 260 3
160 870 2
584 899 3
993 633 1
279 509 1
153 269 1
639 740 2
559 488 4
377 928 1
888 579 5
195 419 5
743 337 3
245 407 1
126 475 1
385 303 1
543 290 3
128 648 3
455 174 3
353 672 1
931 533 4
597 932 4
605 839 1
733 744 2
359 454 1
790 730 1
232 88 4
994 609 1
284 685 2
857 541 5
785 941 4
70 87 4
785 747 5
294 979 5
31 804 3
66 510 4
414 188 5
385 747 3
478 858 5
132 27 3
896 350 5
387 588 2
758 632 2
288 278 1
34 638 3
854 757 1
257 371 1
458 566 3
62 993 3
724 184 2
807 8 4
151 637 2
168 369 4
454 214 3
416 108 1
306 801 2
317 535 2
16 728 4
473 81 3
1 271 4
679 383 4
693 840 3
486 277 4
679 54 4
134 931 4
668 999 5
445 4 3
556 137 5
984 409 4
298 766 4
733 912 1
960 559 1
656 519 1
678 21 2
713 239 1
511 794 3
811 409 2
39 820 1
26 681 1
543 575 5
981 7 4
441 747 3
860 934 4
173 1 3
234 448 5
516 948 4
522 153 3
184 37 3
254 279 5
717 83 1
971 502 4
554 34 4
980 802 5
122 685 5
233 372 4
956 387 5
430 119 4
646 302 5
644 986 1
567 73 1
10 590 3
63 141 5
796 895 1
108 712 3
530 269 4
322 615 1
969 103 2
461 194 5
431 626 1
299 506 5
12 609 5
638 764 2
219 674 1
892 613 3
699 878 4
952 955 1
854 351 1
404 380 5
437 180 2
866 785 1
787 481 3
118 261 3
394 456 4
760 934 4
385 770 1
117 631 1
503 69 4
584 350 3
416 432 5
229 650 2
549 297 2
582 832 3
607 753 3
701 622 5
426 348 1
95 209 4
245 957 1
357 165 4
239 87 1
204 66 2
685 885 2
371 651 1
157 949 2
928 733 3
385 794 1
572 834 1
893 394 1
851 558 2
549 137 4
468 997 4
206 856 1
105 636 1
495 178 1
366 447 1
603 825 5
50 499 5
351 989 2
348 173 5
250 396 2
548 307 2
716 221 1
64 382 4
635 680 3
863 968 3
503 916 2
863 620 5
84 301 4
164 358 2
529 342 1
464 769 5
336 211 1
266 691 1
878 463 2
710 610 2
856 205 5
950 621 3
778 142 1
986 153 2
124 478 1
299 394 4
943 230 3
987 912 4
117 820 2
512 763 5
729 702 1
5 820 5
368 883 3
656 391 5
328 365 1
473 823 5
568 602 5
175 835 3
23 780 2
688 56 5
985 610 1
677 564 1
675 515 1
338 910 3
181 128 2
449 801 1
782 464 2
224 604 1
775 396 5
447 953 2
615 816 2
504 308 1
105 337 4
918 815 4
949 882 2
880 383 1
867 670 2
661 552 2
144 354 1
899 113 2
577 675 4
256 953 2
225 291 2
866 656 2
909 429 5
581 667 1
321 481 1
437 208 1
446 724 5
330 506 5
823 780 3
54 348 3
608 879 1
538 681 2
703 557 1
462 705 1
662 91 2
732 125 3
88 497 4
343 329 5
278 698 4
485 246 2
389 638 1
336 591 2
915 612 1
808 877 5
757 247 3
895 494 1
135 611 4
848 109 1
502 495 2
623 984 4
154 161 4
393 891 1
658 166 3
859 793 3
723 470 2
733 48 1
975 61 3
91 813 4
100 226 3
949 439 1
925 228 2
681 525 4
445 406 5
734 17 3
106 498 3
831 872 1
920 835 2
880 657 5
855 544 2
805 605 1
9 890 2
102 455 4
932 353 3
852 645 3
257 680 4
862 607 1
954 333 2
843 228 1
196 612 3
292 703 1
326 189 1
136 994 3
381 919 1
463 117 5
813 972 1
18 957 4
495 549 1
127 362 2
724 643 1
348 495 4
10 644 4
423 458 1
889 296 1
429 55 2
52 959 1
889 730 1
658 748 1
757 965 3
0 998 2
641 26 1
745 220 2
119 210 3
318 11 4
19 188 2
388 420 2
779 14 4
457 540 3
684 309 5
944 560 2
655 591 5
987 400 2
427 174 3
695 61 5
176 476 3
406 909 2
383 450 1
279 423 4
370 554 1
976 118 5
234 56 3
21 338 1
360 13 5
626 562 3
300 909 3
240 327 3
262 828 1
717 200 2
429 724 5
314 484 3
257 938 1
819 847 2
587 826 3
779 458 5
146 576 2
655 170 3
272 867 2
65 183 1
614 702 3
719 550 4
546 644 5
645 405 2
939 313 3
452 267 3
758 145 5
727 805 5
721 243 2
689 390 1
420 914 1
583 591 2
778 180 4
741 121 5
355 27 5
534 692 4
40 836 3
628 654 4
24 416 1
461 90 2
518 438 1
594 334 5
611 447 2
382 549 2
767 513 1
633 618 5
203 635 1
433 671 4
538 277 4
601 239 3
866 610 5
518 653 3
516 251 4
365 529 2
453 545 2
300 12 4
266 506 5
512 486 4
641 727 1
544 30 4
0 890 1
700 886 3
633 182 2
222 533 5
640 570 4
546 840 1
415 854 5
309 911 1
591 893 1
882 763 4
974 561 4
604 718 1
356 194 1
273 996 4
350 794 5
612 832 5
882 145 4
542 127 4
145 694 1
392 672 2
497 627 5
654 970 5
867 332 3
559 103 4
337 696 2
300 292 5
981 132 2
18 475 1
176 714 5
992 282 4
216 144 2
86 448 4
987 973 1
832 731 2
174 859 4
888 809 5
836 338 4
176 929 4
525 726 4
704 217 4
840 339 1
862 44 5
331 712 2
39 160 5
919 216 4
492 957 1
796 90 2
360 947 4
48 930 2
66 211 5
715 578 3
752 383 2
206 550 4
254 299 2
869 634 5
701 875 4
50 189 2
925 313 2
812 634 1
258 452 4
901 110 1
321 55 5
635 627 5
265 267 2
228 471 3
38 857 1
648 210 2
873 926 5
927 545 1
388 641 2
154 593 1
653 591 1
214 626 3
222 368 5
967 487 1
262 208 2
876 622 1
508 882 4
703 520 5
334 467 5
35 361 5
201 727 4
711 463 3
835 934 3
614 421 2
101 334 5
514 447 4
271 556 3
247 243 3
484 573 3
582 746 3
134 853 2
461 938 2
177 9 5
185 0 2
205 756 2
408 60 2
451 248 4
116 379 2
497 966 5
486 307 3
378 807 3
960 381 4
422 84 4
452 653 3
955 165 5
858 695 3
221 361 2
875 221 3
505 549 4
942 78 4
28 59 2
964 852 2
912 377 3
700 27 3
295 22 4
590 944 3
710 877 5
227 202 3
123 803 5
649 995 3
262 798 5
285 265 2
696 47 4
284 430 5
112 716 1
812 659 2
275 327 2
341 582 4
249 148 3
575 944 4
722 214 3
871 466 2
567 294 4
236 825 5
267 559 2
283 281 4
685 305 1
151 796 2
102 40 2
209 592 3
706 818 3
76 275 3
79 762 3
413 458 3
688 466 1
147 799 2
664 78 5
364 823 3
464 805 1
663 540 2
827 509 3
799 484 3
932 594 1
909 634 4
946 383 2
619 409 3
385 999 1
110 726 2
711 19 3
961 59 5
355 779 3
147 152 4
595 150 4
657 110 5
968 579 5
55 920 4
845 66 5
238 261 3
118 230 4
457 161 5
74 126 2
542 314 1
988 206 5
509 566 3
140 425 1
718 357 4
427 484 3
880 684 5
913 573 5
31 861 1
11 579 2
999 411 1
463 797 3
620 71 1
936 421 3
100 594 1
963 662 2
282 505 3
533 553 5
930 846 1
91 56 4
395 694 1
494 608 4
819 857 1
281 902 1
832 308 4
300 405 2
340 536 3
611 837 2
937 286 1
163 982 4
800 874 1
447 153 2
729 379 1
987 231 5
851 271 5
228 791 2
528 668 5
904 485 4
988 430 5
110 851 5
115 270 5
991 347 3
91 931 5
636 62 5
746 194 1
947 741 1
470 673 5
897 304 5
908 814 2
16 499 3
25 324 1
617 297 3
59 756 2
925 907 2
57 75 4
906 192 3
273 460 3
683 208 5
550 389 2
319 310 4
585 891 5
680 322 2
362 940 2
569 871 3
43 87 5
909 606 4
124 143 1
20 24 3
490 496 2
12 463 3
494 414 2
618 280 2
74 986 4
276 409 1
452 397 1
106 535 4
592 686 4
860 175 5
786 372 5
597 894 3
35 932 3
498 571 4
949 163 5
890 614 5
321 729 5
781 160 2
143 987 5
388 754 2
330 732 1
70 496 4
557 446 4
464 868 1
691 991 3
184 703 1
11 851 2
657 1 2
832 57 1
65 464 4
338 127 2
755 734 2
730 359 4
44 242 1
808 244 5
935 676 1
305 695 4
868 825 4
58 852 3
258 798 5
135 575 2
954 701 1
259 769 4
102 931 5
982 144 3
924 481 1
683 167 5
639 728 2
395 408 3
490 696 1
76 660 5
494 862 4
319 555 1
793 958 5
332 449 1
812 434 3
769 474 3
722 619 2
993 324 1
75 706 2
790 701 1
290 937 4
60 220 4
277 479 5
828 576 1
831 81 5
511 294 2
552 207 4
733 369 1
308 938 5
366 535 2
450 453 2
242 281 2
717 578 5
910 536 3
145 914 4
643 760 2
253 955 5
813 234 3
143 999 1
64 190 5
335 82 3
597 390 5
519 848 1
301 691 2
361 409 4
761 115 3
303 244 3
265 902 3
760 838 1
117 160 2
94 538 1
748 297 3
266 779 5
599 528 5
48 205 3
630 421 1
916 822 3
865 579 2
11 916 4
150 131 2
871 17 1
199 432 1
220 282 5
52 261 2
627 820 2
488 960 4
306 333 5
753 398 5
385 217 5
446 702 5
834 222 5
287 662 3
37 194 3
30 717 1
781 692 2
829 754 1
689 811 1
249 751 4
253 410 5
397 146 2
0 29 5
145 717 2
967 409 3
889 304 4
787 740 4
185 323 1
802 787 2
10 41 1
86 593 4
206 478 3
250 500 5
391 516 4
943 976 4
72 859 3
832 19 3
584 239 1
842 829 1
355 488 3
315 696 1
398 862 3
162 355 2
20 288 2
97 24 2
125 170 5
27 969 1
676 89 3
99 263 4
766 316 1
433 790 4
787 406 2
321 860 1
565 160 4
859 343 2
144 312 4
444 945 3
94 694 3
688 460 5
180 170 2
330 133 4
855 145 1
672 881 4
124 720 5
129 149 3
852 667 1
53 867 1
335 885 5
920 909 5
18 650 4
974 786 2
463 19 4
780 223 5
408 157 1
574 375 4
727 829 1
166 199 4
715 115 5
876 119 1
860 421 2
668 231 5
338 755 4
592 19 5
447 575 3
216 474 5
101 77 2
730 876 5
288 24 4
397 700 1
980 667 5
402 381 4
110 489 1
171 425 2
850 427 1
595 619 2
872 363 5
330 219 4
385 618 3
15 157 1
6 586 1
833 290 3
274 369 3
656 516 3
559 386 1
756 722 4
964 177 2
509 886 4
518 827 5
444 518 3
622 716 4
83 641 1
842 145 4
641 89 5
220 580 5
983 433 5
509 51 1
552 484 5
963 553 1
997 932 3
644 226 4
805 201 1
770 857 4
712 309 2
620 121 1
19 746 1
61 192 5
977 495 2
128 101 5
631 39 3
633 751 1
762 960 4
877 847 3
28 973 2
369 443 5
275 755 5
155 931 4
122 378 1
225 85 3
718 516 5
134 368 4
235 720 3
292 326 3
500 92 4
582 870 1
521 618 3
795 164 5
668 346 5
56 678 5
532 647 1
30 388 2
741 166 3
174 813 3
265 827 4
760 421 5
33 307 4
949 307 4
882 319 2
318 646 5
517 282 1
30 681 3
571 900 3
477 395 3
414 371 4
367 223 3
287 650 3
38 78 5
507 922 5
320 669 4
14 394 4
403 636 5
944 339 1
955 599 5
530 129 2
571 313 3
453 426 2
236 578 5
33 388 1
41 750 3
661 233 5
776 513 4
132 508 3
314 448 1
915 908 3
573 996 3
490 470 4
779 99 4
449 390 5
765 104 5
196 175 5
60 757 4
60 555 5
121 282 4
219 413 2
909 158 4
121 1 1
190 469 5
118 52 4
583 125 1
940 787 3
693 248 5
597 128 1
213 523 4
454 623 1
504 31 4
898 311 2
946 282 3
509 84 1
801 53 2
999 554 5
53 983 3
131 111 4
111 433 5
550 107 5
310 605 5
569 786 5
691 132 2
646 721 4
324 664 5
427 483 4
834 950 1
971 992 2
321 728 2
505 880 4
32 716 5
240 660 2
409 722 3
180 79 5
829 464 1
330 262 1
513 436 3
657 502 5
29 686 3
428 898 1
738 757 4
73 857 1
221 449 2
59 640 5
492 287 4
880 110 2
96 457 2
96 365 3
568 907 3
52 847 2
248 149 5
882 919 5
514 905 1
518 132 3
841 984 1
974 338 3
59 264 2
534 824 1
86 688 3
145 548 1
509 653 4
780 460 3
864 983 1
967 374 5
75 88 3
487 795 5
271 24 4
585 202 2
161 661 1
904 55 5
507 201 2
904 196 3
111 100 3
564 742 2
304 35 5
822 947 5
664 794 1
653 437 4
265 893 4
649 862 1
858 759 1
453 316 4
758 22 2
999 528 4
188 746 4
639 835 2
203 463 3
409 666 5
493 360 3
78 118 5
264 393 2
256 129 1
482 727 4
218 872 1
605 715 1
598 70 3
298 563 3
989 694 5
392 32 3
188 322 5
872 535 3
213 643 5
803 20 2
812 904 3
51 279 2
981 774 1
593 661 4
153 92 5
955 885 1
73 848 2
678 913 2
416 657 3
543 957 1
691 397 2
24 752 1
944 611 5
540 161 2
414 37 5
957 986 4
55 326 5
784 999 2
812 196 2
897 670 1
974 705 5
316 54 3
701 361 5
193 350 5
31 136 5
220 982 2
935 277 2
558 658 2
691 65 4
652 332 1
857 577 5
397 653 4
994 820 5
682 301 3
865 739 4
941 584 2
439 351 5
396 475 4
89 632 5
552 327 3
88 194 5
324 280 5
539 87 2
78 52 1
896 933 1
385 87 1
55 4 4
496 239 2
728 4 4
442 640 2
713 541 5
813 154 3
763 173 4
499 702 4
78 496 1
252 889 4
804 627 4
635 824 5
278 684 3
649 341 4
229 986 2
238 43 4
47 633 5
473 514 3
915 812 4
189 740 4
965 30 5
815 690 5
244 567 3
236 145 4
365 688 2
846 369 5
812 320 4
142 509 3
769 319 3
484 448 5
270 201 2
800 733 2
702 964 1
306 716 2
122 235 4
315 857 1
46 286 1
626 221 3
347 683 4
214 476 4
61 524 5
896 866 1
51 697 3
334 876 3
917 670 3
226 475 4
69 968 5
365 974 5
394 762 3
806 727 1
127 2 5
891 570 5
993 976 5
8 459 1
519 238 3
18 256 4
727 839 4
871 147 5
434 421 5
16 225 1
629 945 2
180 518 1
668 478 4
201 717 3
988 759 5
1 71 3
78 294 2
548 259 5
483 98 1
968 123 5
232 582 1
957 535 1
279 845 5
314 931 2
496 747 5
173 803 3
21 222 1
77 841 2
263 506 1
888 491 3
580 319 3
238 490 5
728 179 3
683 981 3
44 690 4
117 735 3
357 230 2
591 903 1
310 806 5
463 6 1
489 416 4
837 849 4
99 162 5
468 881 2
779 683 2
637 832 3
448 273 1
957 775 3
431 176 5
496 783 1
542 174 4
613 551 1
38 942 5
342 152 5
766 947 5
814 659 1
14 960 2
998 612 3
952 733 4
447 10 5
782 624 2
154 222 1
116 581 2
651 156 5
944 248 3
851 166 3
575 750 4
382 558 2
278 503 2
590 907 4
142 386 4
179 434 1
952 59 4
531 690 2
400 143 5
298 503 4
305 61 1
561 859 4
450 401 3
22 757 1
628 653 2
54 247 3
89 737 5
824 531 2
821 32 1
20 851 2
561 240 2
632 60 4
275 56 1
763 605 5
922 754 5
435 570 5
318 20 4
628 89 1
114 581 2
97 505 3
144 578 2
672 128 1
459 744 4
154 853 3
40 365 4
622 897 5
773 32 4
725 961 2
864 714 5
679 971 4
418 796 1
397 133 5
529 448 2
163 914 3
413 583 5
744 335 4
93 440 5
260 289 3
132 355 2
191 172 2
447 693 2
76 362 2
728 85 1
574 431 3
442 685 2
948 198 5
101 841 4
104 565 5
592 787 5
593 448 2
289 638 3
744 961 5
527 928 3
277 115 2
498 530 4
475 530 4
952 107 2
371 878 5
201 115 5
512 544 4
100 562 5
441 710 4
791 560 5
785 441 2
359 648 2
55 465 1
294 539 4
42 562 2
442 409 3
314 972 4
654 162 4
547 488 3
365 540 2
806 674 3
236 89 3
390 671 2
982 183 2
179 924 3
752 97 1
978 35 2
513 944 1
725 143 4
153 571 3
648 978 4
349 774 2
245 626 2
579 139 2
223 887 2
992 64 5
187 850 1
724 998 3
425 401 3
916 108 2
425 657 4
286 990 4
462 197 5
514 248 5
337 899 1
932 811 5
633 866 4
636 515 5
156 194 5
640 764 4
234 40 3
777 585 3
657 545 5
81 872 5
394 263 1
690 440 3
772 461 1
449 467 2
782 15 3
521 794 1
920 114 5
529 175 4
663 940 2
499 643 5
786 72 4
499 890 3
7 825 4
5 497 1
805 216 1
445 934 2
413 84 2
946 739 5
495 173 2
521 577 5
752 493 2
5 772 5
15 22 2
39 680 4
628 732 2
943 490 3
885 49 2
92 492 3
993 985 3
58 537 2
517 971 5
694 419 5
650 843 1
967 32 5
55 908 2
976 441 4
294 713 1
97 617 2
287 149 4
488 263 2
879 746 1
416 752 2
96 533 4
794 38 3
863 752 5
498 500 3
804 878 1
830 589 1
553 72 3
535 325 1
178 54 2
274 231 3
203 440 2
749 281 4
974 67 1
446 760 4
435 616 2
158 213 5
860 246 1
537 814 3
549 901 2
535 775 1
769 195 2
815 635 4
951 226 3
761 854 5
123 809 3
878 861 2
533 67 1
195 408 2
283 151 2
43 217 2
752 348 4
762 99 5
542 974 3
769 312 4
994 709 5
287 776 3
649 356 4
89 624 2
217 985 1
563 525 3
768 450 4
202 784 2
953 898 3
882 83 4
667 760 1
653 79 3
12 398 5
337 979 4
369 186 4
120 79 4
130 533 3
906 384 2
341 817 2
804 870 5
817 921 2
131 790 5
154 661 4
199 495 2
302 54 5
87 521 3
87 230 1
106 436 1
306 433 3
292 158 5
552 793 5
440 815 5
427 542 4
148 515 1
917 562 5
356 283 1
144 201 3
967 77 5
911 318 5
414 117 2
403 217 2
994 589 2
188 151 1
423 969 5
554 856 2
6 5 4
579 517 5
360 178 3
509 125 1
332 841 3
255 195 3
448 222 4
389 227 4
700 444 4
525 137 2
370 384 3
466 834 2
905 831 5
343 871 3
752 545 3
180 99 3
118 785 4
931 913 2
207 58 4
49 784 3
134 17 3
583 381 3
233 940 2
769 919 1
855 605 4
241 728 1
254 330 3
46 63 3
900 986 5
803 525 2
747 337 4
715 580 1
268 376 1
836 102 2
894 954 1
678 147 1
795 984 5
619 622 1
449 375 3
322 501 1
689 112 2
505 495 1
215 272 5
281 494 3
86 529 1
747 391 1
145 538 3
869 225 4
518 267 4
140 1 3
82 788 1
534 711 4
497 232 2
761 220 3
895 651 1
725 987 5
424 278 2
324 217 3
643 246 4
581 340 1
407 889 5
487 622 1
162 981 1
363 925 2
515 87 1
87 315 5
78 866 3
41 535 3
204 682 3
725 788 4
654 518 1
935 33 3
140 721 4
583 437 2
553 871 5
41 364 2
869 537 2
130 134 3
971 108 2
11 880 1
15 842 2
391 251 5
290 907 1
881 595 2
305 260 4
732 956 4
924 630 4
181 889 1
652 221 1
999 930 1
361 562 4
128 468 5
89 839 5
670 334 3
997 701 1
339 396 3
285 970 1
40 233 4
994 39 3
380 345 3
748 110 1
276 290 1
750 687 5
381 506 3
405 634 4
22 65 1
647 229 1
990 571 1
495 741 3
277 216 4
364 218 3
614 630 4
28 478 1
999 459 2
344 124 4
317 500 5
624 538 2
502 880 1
427 130 2
855 914 3
602 823 2
436 237 4
765 497 1
35 32 3
673 539 4
600 264 3
119 619 4
460 793 1
43 819 2
228 141 2
330 413 2
990 963 4
207 9 2
961 784 5
167 133 5
25 224 1
683 654 5
827 172 5
941 303 5
4 523 5
225 765 4
931 529 3
854 15 4
189 920 1
961 253 5
502 563 3
796 37 1
898 833 5
86 327 4
747 847 5
998 926 2
251 294 1
537 421 5
986 311 2
373 827 3
617 24 2
983 881 5
549 424 5
929 716 3
513 218 2
445 50 2
836 460 4
696 979 3
436 951 1
999 906 5
982 270 5
892 963 2
693 898 5
604 941 3
552 56 4
56 834 5
803 579 2
726 563 3
774 762 5
360 657 4
762 307 5
946 491 1
698 469 5
229 780 4
78 337 4
9 55 4
316 489 2
131 665 1
6 615 4
181 671 5
738 715 3
136 818 5
809 268 2
680 651 5
709 308 3
629 27 1
23 887 5
487 150 2
429 581 2
878 938 2
985 490 1
784 987 3
446 669 4
639 465 5
708 594 5
761 486 5
704 230 4
341 322 5
420 331 5
113 847 2
743 324 4
969 839 3
615 796 4
709 753 3
341 804 1
323 814 4
528 61 2
126 575 3
707 553 3
896 713 5
879 817 3
140 679 1
111 619 5
885 564 4
415 212 3
527 82 5
482 220 5
567 857 2
74 10 2
391 324 5
64 108 3
952 846 5
294 70 1
657 13 5
285 798 1
491 525 2
959 601 2
201 882 4
262 167 3
57 194 4
402 51 5
249 941 5
735 39 5
510 945 5
555 825 1
845 14 2
356 90 5
581 293 3
115 738 3
387 381 3
338 859 2
412 270 5
132 506 5
257 609 3
418 587 2
555 738 1
124 777 3
63 428 4
204 262 4
316 247 1
203 371 2
237 81 1
70 785 5
50 95 5
431 648 4
894 875 4
293 631 4
686 814 2
397 444 5
1 247 3
6 398 3
902 526 5
330 970 1
158 225 2
338 621 3
337 584 2
355 566 1
771 249 5
942 198 3
233 327 2
803 199 1
800 165 3
333 42 1
222 974 4
897 101 5
212 508 3
520 429 4
644 522 1
388 319 3
861 753 2
625 724 3
860 728 4
607 938 2
198 385 3
756 284 1
745 676 2
793 130 3
223 823 2
920 838 5
953 149 2
747 38 1
554 599 5
551 734 3
863 491 4
63 363 1
635 88 1
637 878 2
625 534 3
393 124 5
479 65 5
551 152 1
514 498 2
157 982 5
329 850 1
903 506 1
823 647 3
846 783 4
616 846 3
67 21 4
178 140 5
720 570 1
304 131 1
575 473 5
889 404 2
278 110 4
136 817 2
60 548 3
601 87 2
97 54 5
491 178 4
299 146 5
530 833 3
649 497 3
562 875 3
821 881 5
162 732 1
271 450 1
396 647 1
794 633 1
668 744 3
743 73 4
589 772 2
258 423 3
322 356 1
841 821 4
201 758 4
638 725 3
633 251 5
570 202 2
769 216 1
606 724 2
734 569 3
330 488 2
724 639 3
891 430 2
916 316 5
896 723 1
609 418 3
315 80 5
864 77 3
349 488 2
9 936 1
554 695 2
890 557 3
773 574 5
578 806 4
296 876 3
287 228 4
830 765 5
329 448 4
158 729 1
238 430 4
175 612 1
128 595 4
640 978 1
429 964 3
615 582 4
221 467 5
651 93 5
472 47 5
434 465 2
159 728 5
594 983 1
884 779 4
65 486 5
31 308 4
871 793 5
167 336 4
607 709 5
882 474 5
513 907 1
543 849 5
931 859 2
30 115 4
622 997 1
217 943 4
525 382 1
544 737 5
70 472 4
297 505 3
56 573 2
981 903 1
270 829 3
330 103 1
863 517 4
767 74 4
868 769 5
333 454 3
371 151 3
762 510 2
340 320 1
450 502 4
583 99 4
38 598 4
666 404 3
235 8 3
46 590 5
570 955 5
837 436 3
376 302 4
924 326 3
694 769 2
763 507 1
404 792 4
478 378 2
822 739 3
501 637 1
572 974 1
365 996 2
320 116 1
782 717 1
171 302 4
659 29 1
274 570 3
946 469 5
889 101 1
766 69 3
37 39 1
9 926 2
359 652 4
846 252 1
677 777 3
619 101 4
676 83 3
855 922 5
316 495 5
942 633 4
916 911 2
927 140 5
795 967 4
518 945 1
0 667 1
312 782 4
342 197 5
510 827 1
81 650 3
371 156 4
482 624 4
610 350 3
288 271 5
395 65 2
579 679 3
707 448 5
604 516 4
829 681 4
164 404 5
350 789 1
988 784 5
467 714 2
106 687 3
642 786 1
792 984 4
953 364 4
635 861 1
294 337 2
642 834 2
395 145 4
174 116 5
999 61 4
764 759 4
134 169 4
204 422 4
156 497 3
526 312 3
151 414 4
345 867 2
430 289 2
122 443 3
729 643 2
916 658 1
819 198 3
189 702 5
889 128 2
184 910 2
301 945 1
713 933 5
330 336 4
566 437 3
65 220 2
735 826 3
916 739 3
160 44 4
721 971 3
574 476 4
585 719 5
387 394 2
678 161 2
164 622 2
863 809 2
833 535 3
540 529 3
554 764 2
910 445 3
407 666 3
623 811 3
633 441 2
70 148 2
744 930 3
315 675 5
206 289 4
516 80 1
181 36 4
182 794 5
952 260 3
776 750 4
978 595 4
337 848 3
919 415 5
349 683 4
50 4 5
29 835 1
17 613 5
726 137 1
526 219 1
177 667 1
396 471 4
426 505 5
641 236 2
3 750 2
240 533 1
318 563 1
589 607 2
514 480 5
631 824 3
517 69 1
927 282 1
158 445 1
9 581 4
647 363 4
168 570 2
688 707 4
79 506 3
736 534 4
93 341 4
201 486 4
812 158 4
623 821 4
677 744 5
653 394 2
75 921 3
557 639 4
782 854 1
225 189 4
689 875 4
758 555 1
681 674 1
738 727 5
825 212 2
27 437 3
535 575 1
609 830 4
239 230 4
498 905 4
443 788 1
420 351 3
125 559 1
995 994 4
160 736 1
307 842 3
712 71 2
220 754 1
660 484 4
898 840 1
759 585 4
237 602 3
820 651 3
207 321 4
302 97 4
10 546 5
722 792 2
968 525 1
853 533 2
787 9 2
230 244 1
347 211 5
804 797 1
312 694 5
365 155 3
635 918 2
526 381 3
770 567 3
170 583 5
804 651 2
884 79 4
921 356 2
996 127 2
971 11 3
682 258 4
21 169 4
619 730 5
974 147 5
503 863 5
193 118 1
433 380 5
119 390 2
887 522 4
517 11 4
436 492 4
214 864 3
582 31 1
543 823 5
902 373 3
217 710 4
996 892 5
317 480 4
328 45 4
294 696 4
61 550 1
881 306 3
339 887 3
37 861 2
737 982 1
314 553 5
119 454 2
111 272 2
676 474 5
481 323 5
459 49 5
374 730 2
526 945 2
950 197 2
312 195 5
413 146 5
986 937 5
623 468 2
20 309 5
964 612 2
742 335 3
455 352 1
483 134 4
697 266 2
48 550 5
504 104 5
51 330 4
21 134 4
209 465 4
591 691 4
678 67 2
295 310 3
617 137 3
344 442 1
939 767 3
87 280 2
586 706 1
925 898 1
992 424 4
754 715 2
805 65 2
123 721 4
641 33 4
823 644 2
288 243 4
785 182 3
721 712 1
287 937 2
657 469 5
745 538 5
606 630 1
876 374 3
719 48 3
339 451 4
401 360 5
613 56 3
301 394 3
786 836 5
69 851 4
536 926 4
794 985 2
837 129 5
248 10 4
350 942 4
307 15 5
182 857 1
164 150 4
19 709 1
662 368 2
661 134 1
755 931 5
545 348 3
295 555 2
347 886 3
441 713 5
979 723 1
853 40 5
57 895 5
252 930 1
53 332 3
785 673 2
966 994 2
318 108 2
923 230 3
850 728 5
743 993 1
941 633 1
845 132 1
337 976 3
645 592 2
69 140 2
385 993 1
134 67 3
240 45 1
562 374 2
960 583 5
151 631 4
965 464 1
729 581 5
949 854 5
165 344 2
349 394 2
927 563 4
822 505 3
696 713 4
413 778 2
130 0 4
392 716 5
224 62 2
836 86 1
102 197 5
47 337 2
995 711 3
426 69 4
454 296 1
295 26 4
268 556 4
773 100 1
212 277 3
382 426 5
856 186 2
779 827 1
908 860 5
885 640 4
38 109 3
314 850 2
224 584 1
710 577 4
381 423 1
283 534 4
97 947 1
51 66 3
865 563 5
891 783 3
471 364 2
789 377 3
431 276 1
961 807 1
723 601 2
919 548 4
402 778 4
392 997 2
23 522 1
974 17 1
657 620 5
351 277 5
540 678 5
31 637 1
386 655 4
589 732 4
597 876 5
893 981 5
984 374 3
650 937 3
189 320 4
894 409 4
681 757 5
885 370 2
977 278 4
407 390 4
373 79 4
244 979 3
55 196 4
645 189 5
227 764 4
932 361 5
783 459 5
740 55 3
750 313 3
70 636 5
511 244 2
452 254 2
274 725 2
596 785 5
418 692 4
580 482 3
977 620 5
724 890 2
69 11 5
847 985 5
510 452 1
615 861 4
68 131 5
969 458 1
6 608 1
339 10 4
377 677 4
642 483 3
454 875 1
944 791 4
265 700 1
556 620 5
261 704 3
342 678 2
97 288 5
325 229 2
403 511 4
168 784 1
10 939 1
241 536 1
340 445 3
744 205 5
287 514 5
144 157 1
92 447 5
763 140 4
773 801 3
284 725 2
642 187 4
140 139 4
428 135 3
57 631 3
187 669 4
221 245 3
922 477 2
98 455 1
543 250 5
237 575 3
601 794 5
156 160 3
779 509 1
960 828 5
684 190 1
460 328 3
683 655 5
31 878 5
508 479 2
510 566 2
672 119 1
276 867 3
418 731 4
697 373 5
855 717 5
643 890 5
505 268 4
416 11 3
44 683 2
738 882 5
447 46 4
532 500 3
767 840 3
752 69 4
90 151 4
973 192 5
697 956 4
624 331 2
90 57 4
500 492 5
858 231 2
999 973 3
775 237 3
868 163 4
113 261 4
605 26 3
213 292 5
977 563 1
561 127 3
807 999 5
347 299 2
174 958 2
503 563 1
140 712 2
265 51 2
899 857 4
434 728 2
399 783 3
813 98 3
516 230 1
815 6 4
345 792 5
673 789 5
980 323 3
534 587 3
513 313 5
474 138 2
538 715 5
318 297 5
873 908 1
784 677 5
832 494 4
755 542 1
945 211 5
615 37 3
793 86 2
13 288 1
260 719 4
522 849 1
3 939 4
505 469 2
976 751 4
538 641 3
441 770 3
357 976 1
339 532 1
737 464 5
897 619 4
590 575 3
880 525 1
756 777 1
24 424 3
674 307 5
164 128 1
470 696 1
723 696 1
544 825 4
817 706 1
758 65 5
849 269 4
774 828 2
844 352 1
472 43 3
955 807 5
643 446 1
308 824 5
254 745 3
358 574 5
197 152 2
565 461 4
226 364 1
494 31 5
790 454 1
169 850 5
211 219 3
10 492 5
826 322 2
124 252 4
362 786 3
688 233 3
353 380 1
788 235 1
448 152 3
799 161 3
917 131 1
85 520 4
867 111 5
876 361 3
763 416 4
507 989 3
109 217 1
686 406 4
675 747 4
112 215 5
462 892 1
146 547 2
721 316 1
805 479 5
261 357 3
467 276 5
129 237 2
821 701 2
81 153 1
152 540 2
919 782 2
148 539 2
727 842 4
898 3 1
678 572 3
783 912 5
788 478 2
446 781 3
175 434 1
34 478 3
719 253 4
565 322 2
390 722 3
664 743 4
485 213 1
691 700 3
994 637 4
804 461 1
277 605 5
223 750 5
242 463 5
752 726 1
645 179 5
69 741 1
435 524 4
810 406 3
321 421 4
802 910 1
5 194 1
229 23 3
136 587 2
739 968 1
87 48 3
66 167 4
183 474 4
148 78 2
554 800 2
68 112 5
849 575 3
247 712 5
876 487 3
199 243 5
564 720 2
266 301 5
496 217 5
219 99 3
732 170 5
546 498 5
826 830 3
752 376 4
179 612 4
785 490 1
379 405 3
302 712 5
919 65 1
777 231 4
211 402 5
418 709 4
560 905 2
573 755 2
213 0 3
42 597 1
698 139 5
248 286 1
83 33 5
309 97 1
782 415 3
288 646 1
308 878 3
500 313 1
692 156 5
639 179 3
998 614 2
616 554 5
928 227 4
704 193 4
749 497 3
484 154 4
40 661 3
779 576 5
199 916 3
756 742 3
802 114 1
384 695 4
720 616 5
456 267 5
880 679 5
285 654 2
661 484 3
223 872 2
801 358 2
900 226 3
75 735 4
547 893 4
261 636 2
508 138 1
765 494 1
584 610 3
536 581 1
115 331 4
228 451 3
18 953 1
424 977 2
795 665 3
476 716 4
26 183 2
585 554 4
798 373 2
974 234 5
353 454 3
530 500 1
294 942 3
705 707 1
248 218 5
422 544 1
473 396 3
180 347 3
608 966 4
336 84 2
262 732 4
846 48 2
336 146 4
360 748 3
316 20 4
920 292 1
98 427 2
84 258 4
248 990 1
562 967 3
845 506 3
271 297 4
300 241 1
390 876 4
859 963 5
881 101 1
361 407 5
701 449 4
125 191 1
560 153 1
953 650 3
793 569 2
463 75 3
261 541 5
375 409 3
129 325 4
379 4 1
546 81 1
426 247 2
121 278 2
123 318 1
212 982 2
389 411 2
525 271 4
774 506 3
775 833 1
762 884 5
767 256 5
407 454 1
404 795 1
789 198 5
3 951 3
854 674 4
737 555 5
207 520 2
668 377 2
884 437 3
834 793 1
205 585 2
53 670 5
950 572 4
446 962 1
827 99 2
326 9 3
861 6 5
515 598 1
362 859 1
292 724 5
881 917 5
595 332 4
692 371 4
902 732 5
825 782 3
53 841 3
157 319 2
114 300 3
599 891 1
466 940 2
652 77 5
941 280 1
892 234 5
19 90 5
268 766 2
631 534 3
456 125 2
140 766 1
284 975 1
824 12 3
892 342 5
57 781 2
571 228 5
741 822 4
523 406 1
528 987 1
263 655 1
107 384 1
167 299 4
186 528 1
838 196 4
541 80 2
669 634 1
95 58 5
866 357 3
822 901 4
236 694 3
64 927 5
53 128 4
258 66 1
234 662 5
681 555 1
571 81 2
928 742 2
971 741 3
761 578 4
130 338 1
478 82 3
657 968 3
620 579 5
365 561 5
842 679 2
778 629 2
81 339 2
695 370 1
95 159 2
726 946 3
818 5 1
29 50 3
37 635 1
893 697 5
0 406 4
482 464 3
684 803 1
483 76 1
197 835 3
630 852 5
221 214 4
889 714 5
776 905 5
485 421 2
364 313 1
824 804 3
223 218 5
80 47 4
732 576 5
711 627 2
179 446 1
926 612 2
384 616 5
482 544 1
36 867 4
979 640 2
215 897 2
800 719 5
877 747 3
752 741 2
132 559 5
143 906 4
287 237 4
96 466 5
594 622 1
846 928 2
332 375 5
227 34 1
281 565 4
61 600 1
67 154 3
15 138 3
964 980 2
408 83 2
961 48 2
435 783 2
774 423 5
652 967 4
196 95 1
320 175 3
753 765 1
310 15 5
287 286 2
867 359 5
409 597 2
884 373 1
190 123 2
160 796 5
608 816 1
942 857 3
222 836 1
19 494 2
572 365 1
627 830 4
146 507 2
629 691 2
283 203 5
297 376 2
681 236 2
456 120 4
181 665 3
856 82 4
115 965 3
649 709 5
510 413 3
814 446 4
600 695 3
461 680 1
816 12 3
524 975 5
392 984 4
608 308 2
694 754 1
374 623 4
616 874 4
267 120 3
292 557 1
368 484 3
775 106 5
86 892 3
635 160 4
196 810 3
987 430 1
400 600 5
493 401 3
751 675 5
459 742 1
570 289 4
109 933 4
540 533 2
58 781 3
629 697 5
466 155 2
443 260 4
788 594 5
519 725 3
697 330 1
737 641 5
46 907 5
482 717 1
670 648 1
763 354 4
326 499 1
43 789 5
932 467 4
684 865 5
544 33 2
216 989 1
890 787 4
525 416 1
585 846 2
283 753 5
133 654 5
35 215 1
548 220 1
107 168 4
980 645 4
397 655 1
888 545 3
757 578 3
480 46 4
932 773 5
703 581 1
3 473 1
844 197 3
991 133 5
699 832 1
447 944 3
732 254 1
543 428 4
15 839 2
192 264 5
724 659 4
908 729 1
149 546 4
302 416 5
945 458 5
744 955 3
527 856 2
949 464 5
274 49 3
827 267 3
419 965 5
738 605 3
538 65 2
196 890 5
293 414 3
62 70 1
835 520 3
689 648 4
884 691 5
681 157 3
388 674 5
250 286 1
545 502 4
403 244 5
631 815 2
443 695 3
515 710 1
302 517 5
484 152 5
110 13 5
951 290 3
725 807 5
979 770 5
74 568 2
269 500 4
745 727 1
229 687 2
488 267 2
453 549 2
818 627 2
42 433 3
670 358 4
19 824 3
290 23 5
508 183 3
835 869 1
507 89 3
10 269 2
52 244 4
749 93 4
196 910 4
226 228 3
686 838 3
480 611 1
689 100 2
474 307 5
87 789 4
786 707 1
987 599 5
642 813 5
514 693 3
773 454 4
448 240 5
427 883 1
569 174 5
38 723 1
645 606 2
779 145 4
667 873 3
988 570 1
854 727 4
795 433 3
611 23 4
319 738 3
190 69 1
594 626 4
299 14 4
356 804 5
683 526 5
341 281 3
948 857 3
11 309 2
76 448 5
789 948 2
716 875 1
859 974 2
420 220 5
81 250 1
427 161 2
573 561 5
151 356 1
287 543 1
563 851 3
564 912 1
508 727 1
332 296 1
435 235 1
601 541 4
419 382 2
175 461 4
758 854 1
509 99 1
446 292 4
268 617 5
19 651 3
287 18 1
332 392 4
590 925 2
543 363 3
622 932 1
208 559 5
312 157 2
826 494 1
858 168 5
417 366 3
511 38 4
878 293 4
423 509 2
60 507 1
399 973 2
425 493 3
344 600 3
567 516 4
460 755 1
882 914 2
419 486 4
24 491 5
98 663 2
849 937 4
961 988 1
697 458 2
222 460 5
312 578 1
499 0 4
623 626 5
368 365 1
887 905 4
30 312 4
469 20 4
723 857 5
16 429 1
634 998 3
666 467 5
644 514 5
684 968 5
546 363 2
852 728 1
790 875 3
921 501 2
278 679 1
117 257 2
209 523 3
797 749 3
704 87 4
666 77 4
466 314 5
166 971 4
797 609 2
245 333 5
146 774 5
842 94 3
194 586 2
497 322 5
164 574 2
380 36 2
462 621 1
267 526 5
605 307 4
461 463 4
78 80 1
842 26 2
717 33 4
186 48 1
195 20 3
678 561 1
981 394 1
508 769 3
498 10 1
610 713 4
7 727 4
100 454 1
811 431 4
454 811 1
240 86 3
99 133 1
164 722 2
745 183 3
549 171 1
265 559 4
837 590 1
353 128 2
568 530 1
514 750 4
713 751 4
767 957 5
575 568 3
377 335 5
775 436 5
877 633 5
17 542 4
402 349 3
407 574 3
466 996 4
454 689 1
81 693 3
772 341 2
689 176 4
639 481 2
270 419 3
168 478 1
883 573 1
586 75 3
488 167 3
808 704 4
140 752 4
88 587 5
9 246 2
996 187 2
283 19 3
224 747 5
594 181 1
23 937 1
985 70 1
983 333 4
992 432 2
644 256 4
394 884 4
860 185 5
799 621 4
527 107 2
351 548 2
139 453 1
973 442 4
943 785 1
242 90 1
884 444 3
634 9 3
521 350 4
346 988 3
147 45 3
102 169 2
638 235 2
162 456 1
63 250 1
340 189 4
670 594 1
622 722 3
973 961 4
607 680 5
186 28 4
460 540 4
851 139 4
612 481 2
939 367 4
158 904 2
580 26 4
192 783 3
884 827 3
852 787 1
971 110 3
473 250 5
882 295 4
80 567 1
396 780 1
340 421 2
760 814 2
675 82 2
819 109 5
921 5 4
472 819 3
935 758 2
890 185 5
428 41 2
190 947 2
411 973 5
154 940 5
867 648 2
147 844 2
793 134 5
265 653 1
338 275 2
21 552 5
489 360 5
398 494 1
423 559 4
496 249 3
408 982 1
835 4 4
310 676 1
474 354 5
55 835 3
800 784 4
373 211 3
981 423 5
768 657 1
439 805 1
353 595 5
174 892 1
115 842 5
883 569 3
969 14 5
289 399 4
283 608 1
567 511 4
426 863 1
54 24 1
214 672 5
380 304 2
639 890 4
514 290 5
176 296 1
312 745 4
625 998 1
241 16 3
273 931 3
931 593 2
945 262 2
768 302 2
84 774 2
690 293 2
695 430 4
394 506 1
527 600 2
984 272 5
981 14 5
238 577 1
824 816 4
865 297 3
367 833 5
843 791 3
616 685 2
680 463 1
814 340 5
577 899 3
646 190 1
328 17 4
147 76 4
233 660 2
943 923 5
186 720 5
427 621 3
317 767 1
76 621 2
955 616 1
985 979 4
359 215 3
362 102 1
857 516 3
322 534 4
204 762 4
79 583 3
423 180 4
377 459 4
995 895 3
117 607 1
48 384 2
185 634 1
963 836 3
659 802 3
566 347 1
833 18 2
591 133 1
540 98 2
845 219 4
702 852 2
980 445 1
156 12 4
328 338 5
145 763 3
672 221 2
436 944 4
425 64 3
134 834 5
577 324 4
588 99 1
102 972 4
576 438 3
173 247 4
75 31 5
423 285 3
558 752 1
290 843 1
793 892 3
340 29 2
382 968 1
636 303 4
49 695 5
104 804 3
111 333 5
165 952 2
341 37 2
685 856 3
876 272 1
8 640 1
302 822 5
353 53 1
479 854 4
391 976 1
682 566 2
725 82 2
622 366 2
416 426 2
381 745 4
943 848 5
298 992 2
827 285 5
263 628 1
397 902 5
899 675 4
246 320 3
749 994 5
225 523 4
68 889 3
748 549 5
387 437 4
179 292 3
375 53 5
277 255 2
283 651 4
830 151 4
7 674 1
520 116 1
349 456 3
622 353 1
113 743 3
509 969 4
548 737 2
305 788 1
988 744 2
26 33 4
705 892 1
264 411 1
314 187 3
540 883 1
550 59 3
927 851 3
181 345 5
509 902 5
650 218 1
1 617 2
322 504 2
999 260 3
987 124 4
665 409 2
690 90 5
255 138 3
859 457 4
30 89 1
50 523 4
263 509 5
553 950 4
716 672 1
11 288 3
3 522 2
854 89 3
184 421 1
282 348 4
542 621 5
481 114 3
183 83 1
467 390 4
340 998 5
251 315 1
795 214 3
533 940 3
979 324 1
60 83 5
33 806 2
451 364 5
236 982 2
230 403 2
286 364 2
729 645 2
701 476 5
172 180 1
498 907 3
128 875 4
589 804 3
872 776 2
83 163 5
178 505 5
415 83 1
232 709 1
311 522 2
703 908 3
545 416 5
665 716 4
463 731 5
16 320 5
233 734 3
244 78 1
233 154 2
340 185 3
96 552 5
924 465 1
411 442 5
610 52 5
762 180 2
906 858 4
903 285 2
361 773 4
875 795 5
71 97 4
672 932 1
31 341 1
701 773 4
166 288 2
808 675 4
215 671 4
221 409 2
989 641 4
718 47 1
880 901 5
348 977 4
799 187 3
755 688 3
221 876 1
211 142 2
369 640 5
575 74 2
490 519 1
87 770 1
400 122 3
284 973 4
293 589 2
8 668 1
890 209 3
655 526 2
200 580 5
887 10 3
113 979 5
287 396 2
941 25 5
638 334 1
176 831 5
655 576 5
549 947 1
942 511 5
370 478 1
729 639 5
205 719 4
852 175 2
959 942 2
144 989 5
457 21 2
223 546 2
434 246 5
885 744 3
663 91 4
273 76 1
971 121 4
130 661 5
45 275 5
280 943 1
157 163 4
746 418 1
714 967 4
299 301 3
62 280 4
660 871 1
789 636 1
362 621 2
178 383 4
722 374 4
190 173 1
652 35 5
113 857 5
786 427 4
392 245 4
782 310 3
665 100 4
107 49 3
979 217 2
226 290 2
344 616 3
18 687 3
439 989 3
463 136 5
448 462 4
600 846 1
396 693 1
984 380 1
646 620 3
501 649 4
240 662 4
598 539 5
702 159 3
361 128 3
579 123 4
118 73 2
190 658 2
963 222 5
331 243 3
800 524 3
61 952 5
281 531 3
28 235 2
193 743 4
154 883 4
391 521 3
470 584 4
110 491 3
520 179 3
896 710 4
796 12 4
251 604 2
451 543 1
275 871 4
770 751 2
981 204 5
976 539 1
976 584 4
809 556 3
23 543 1
741 851 5
87 516 3
258 893 5
937 996 4
511 224 3
568 887 1
522 471 1
63 905 2
725 61 3
566 628 4
108 556 1
976 794 2
703 659 5
52 239 3
152 660 2
634 581 4
957 925 1
334 215 2
101 597 3
279 981 2
159 29 2
590 471 4
236 144 1
135 10 2
370 345 1
511 696 4
282 1 3
176 623 2
405 158 2
529 174 3
123 495 2
591 629 2
106 767 5
480 571 2
933 251 2
963 40 3
139 360 4
526 438 5
162 266 2
247 121 1
48 260 5
29 703 2
464 882 5
936 321 5
544 270 3
939 535 5
534 608 1
777 370 2
648 672 4
804 918 2
651 151 3
13 243 5
262 655 2
265 347 4
994 938 1
302 426 4
54 766 1
783 975 5
420 138 1
692 293 5
446 869 3
225 873 3
934 787 2
818 37 2
2 222 3
689 407 1
947 64 1
499 379 1
691 566 4
720 411 2
65 737 5
190 712 1
729 630 4
334 150 3
983 672 3
411 59 3
480 957 3
349 84 2
185 300 5
512 255 5
678 972 4
512 681 1
700 456 3
35 864 1
31 796 1
119 221 1
787 630 3
930 8 2
983 984 1
968 809 4
877 294 4
956 438 1
312 737 5
465 915 1
900 500 5
793 338 1
348 549 2
300 158 4
55 445 1
498 129 3
405 760 4
274 640 5
481 926 4
443 289 2
294 710 1
927 278 2
535 153 1
686 292 3
185 293 1
529 362 5
278 268 4
35 773 1
300 724 4
246 379 4
949 212 4
621 551 5
675 87 1
760 175 3
311 447 2
986 3 1
594 333 4
199 698 4
288 505 4
391 633 1
354 508 4
84 518 5
985 577 5
346 384 2
916 401 4
332 390 2
59 930 4
608 160 2
925 833 4
344 59 1
948 877 3
411 231 1
821 708 1
239 675 1
437 509 3
72 343 5
483 86 3
963 233 4
395 157 3
985 789 3
378 891 1
194 820 3
767 237 4
902 774 3
927 971 1
114 592 4
50 625 5
698 178 4
686 962 3
199 766 3
634 910 1
504 188 1
59 384 1
383 24 1
685 430 5
236 738 2
933 294 5
933 743 5
284 435 1
512 395 4
154 799 2
102 483 5
472 713 1
324 244 4
402 170 2
138 412 3
470 238 3
775 74 5
442 695 1
17 834 2
725 459 5
527 599 1
236 868 3
540 853 2
325 791 3
741 698 1
52 770 2
495 453 3
822 525 2
160 501 5
392 821 1
196 728 5
396 325 1
429 177 3
166 517 3
435 973 4
460 859 5
735 586 5
356 146 2
33 477 3
239 193 3
190 1 4
454 932 3
55 964 1
492 693 3
521 770 5
556 383 2
904 852 3
940 460 4
167 438 1
934 904 5
236 310 1
319 212 4
827 697 5
33 769 3
331 982 4
666 795 1
880 556 2
884 732 4
354 138 4
879 565 1
345 932 5
595 875 2
427 273 1
488 903 4
821 595 1
113 472 1
734 483 1
277 982 2
432 171 3
654 778 2
529 793 1
82 668 3
709 731 1
624 829 3
225 485 3
160 494 4
597 304 2
605 474 4
596 70 1
950 342 2
937 366 5
586 88 2
667 406 2
99 349 5
338 996 2
287 575 5
335 846 2
24 425 1
31 994 3
957 951 4
707 56 5
359 304 3
262 588 3
233 950 2
646 278 3
357 303 4
673 604 5
106 831 5
513 363 1
572 661 5
707 427 5
158 523 1
360 140 1
976 105 1
503 971 4
857 43 3
30 580 2
164 101 5
688 91 5
471 153 1
365 553 2
786 533 3
244 751 5
135 500 1
229 475 5
493 376 4
551 40 4
774 683 3
351 212 4
3 74 4
361 790 2
976 249 2
4 114 2
722 841 5
238 923 1
961 227 3
28 846 4
952 227 3
496 230 5
598 249 3
892 152 5
345 619 3
615 504 1
857 664 4
455 72 5
693 129 2
554 205 1
834 844 1
604 993 2
13 558 3
591 886 1
769 839 2
865 24 1
340 291 4
450 657 5
852 85 2
540 448 5
759 783 3
768 243 5
313 569 5
638 742 1
872 750 4
725 856 4
784 973 3
677 8 5
36 215 5
814 606 2
35 131 2
762 991 4
705 621 4
767 3 2
633 34 2
349 14 1
780 687 4
256 460 1
990 41 3
86 705 5
938 966 5
496 710 2
175 485 4
736 627 5
169 551 4
921 637 3
639 909 3
519 441 4
727 935 3
185 760 5
181 652 2
83 277 3
308 830 5
776 644 4
2 850 1
382 171 2
15 388 2
714 562 4
249 923 3
788 733 4
551 688 4
644 313 3
876 671 5
761 183 5
687 602 1
71 247 3
665 390 4
945 700 2
8 335 5
376 432 2
859 154 2
387 211 2
123 766 2
126 937 2
991 518 5
903 518 2
718 519 2
888 646 4
242 816 4
737 439 1
606 196 4
82 377 2
737 754 3
970 14 3
26 236 4
654 99 1
42 841 3
461 75 5
555 200 2
289 885 2
587 283 4
475 237 3
147 688 4
621 368 2
480 590 5
406 158 5
257 824 2
133 279 3
354 717 2
592 659 3
670 716 3
583 397 5
678 457 4
955 527 4
11 927 2
211 981 2
510 845 5
769 982 2
764 800 4
626 957 2
790 619 2
757 754 4
830 938 5
248 141 1
343 455 5
788 564 3
108 549 5
192 930 4
55 581 3
267 14 2
731 995 4
202 912 3
436 149 3
122 410 3
801 374 5
611 513 4
838 185 3
164 670 1
40 154 3
969 583 4
126 780 5
882 310 2
788 550 1
705 455 3
189 116 1
782 236 2
280 239 4
455 483 3
546 3 1
718 109 2
433 333 3
238 789 3
546 466 1
479 145 1
755 569 1
599 975 1
477 580 5
195 89 4
146 422 5
793 96 3
182 249 4
410 638 3
90 589 4
453 382 4
367 317 5
816 75 3
372 102 3
355 576 3
775 925 4
43 979 2
706 631 3
910 179 5
95 915 5
317 925 5
302 739 1
463 90 1
876 867 3
442 742 3
834 2 2
501 815 3
165 858 3
866 303 4
342 362 1
49 369 3
763 761 3
355 458 3
331 727 1
922 694 5
834 98 4
75 188 5
402 828 2
488 79 2
744 784 4
238 771 3
559 355 3
835 179 1
706 322 4
471 647 2
38 819 4
244 109 4
389 264 2
922 479 3
837 951 5
593 853 1
324 516 2
967 210 5
277 829 2
586 820 3
886 655 3
225 246 1
711 736 3
485 873 1
898 228 3
995 830 2
617 721 5
841 392 2
648 967 1
753 5 4
726 545 5
731 627 2
19 322 4
461 242 4
647 957 4
130 786 1
87 217 2
43 942 2
423 762 5
222 56 3
321 869 4
257 772 2
288 712 2
102 958 5
261 280 2
649 242 4
914 922 2
406 606 4
985 472 2
285 180 3
705 329 1
933 521 5
834 273 3
710 943 1
696 182 1
222 639 3
226 313 4
322 753 3
966 461 5
213 95 1
274 668 5
745 201 5
701 894 1
549 851 4
842 855 4
434 406 4
898 417 3
82 640 1
370 668 2
105 244 1
759 638 2
630 179 3
914 727 3
548 855 3
237 939 2
169 836 5
125 263 5
80 847 2
798 84 1
883 455 2
475 311 4
192 846 3
602 530 1
703 225 2
877 47 4
636 601 5
69 863 1
304 619 1
410 8 3
572 466 1
536 379 1
499 29 1
407 841 3
427 56 4
524 685 1
79 628 5
921 815 1
539 73 4
34 788 5
786 455 5
982 33 4
937 106 5
265 991 5
242 879 2
745 255 5
78 324 2
805 255 2
703 158 1
30 259 4
158 429 2
444 394 2
895 637 4
591 351 1
56 17 4
555 641 4
735 824 2
388 738 2
315 470 4
68 100 5
965 507 5
119 671 1
623 730 4
674 989 4
91 660 3
831 129 1
268 851 4
255 15 2
326 645 4
215 790 1
658 69 1
325 126 4
405 196 5
822 69 2
686 964 4
372 466 3
760 802 1
167 576 5
149 492 2
597 714 2
986 92 3
997 181 4
718 789 1
936 612 5
91 529 5
71 617 4
546 568 1
94 829 3
742 344 1
902 279 2
9 0 1
782 965 1
38 357 2
877 238 4
104 826 3
188 816 5
347 655 3
673 942 1
598 324 4
841 363 1
603 717 2
565 203 5
511 596 5
895 463 2
98 273 5
532 436 2
220 717 1
219 373 2
565 188 1
82 930 3
730 468 3
761 319 4
857 385 4
687 900 2
795 380 1
886 732 3
785 280 4
383 268 5
436 41 5
802 179 1
995 531 4
749 57 3
740 980 5
502 698 4
398 463 2
64 121 3
65 319 3
269 417 5
292 729 3
628 301 4
210 306 2
401 768 2
128 708 2
935 30 5
330 381 2
0 291 4
298 425 2
52 251 5
491 563 3
284 165 5
399 955 4
797 736 2
160 281 2
82 370 2
197 161 4
513 325 3
75 19 2
487 626 1
989 22 3
582 735 3
760 873 2
976 955 1
687 471 5
696 52 1
562 623 1
365 552 2
628 254 5
970 336 5
188 735 2
596 718 2
375 119 3
941 105 3
846 777 2
313 367 3
552 427 1
85 581 3
292 520 2
566 386 5
224 238 2
417 767 3
232 879 2
251 848 2
414 461 1
808 70 4
545 139 5
840 41 5
800 274 1
309 646 2
187 86 4
104 534 4
87 105 2
929 119 1
579 549 5
113 280 5
745 624 2
967 333 3
908 326 3
43 515 2
185 116 3
108 579 1
715 982 2
926 962 4
553 593 2
206 874 4
405 520 5
327 466 3
796 609 2
191 526 5
604 567 3
708 454 1
964 557 5
223 317 3
29 904 2
244 472 1
30 464 2
325 546 1
879 586 2
859 483 1
559 79 5
585 284 3
306 36 1
18 872 1
403 391 1
328 155 3
54 741 4
707 102 5
897 36 4
647 887 5
838 910 5
363 791 3
222 457 4
237 546 3
430 205 5
27 903 3
428 937 5
513 900 3
998 740 4
153 568 5
913 154 2
431 353 3
30 408 2
669 852 4
702 625 2
791 492 5
443 410 4
35 454 5
318 766 2
322 39 1
494 504 2
690 862 4
368 86 5
881 773 5
484 996 3
456 547 3
993 224 1
777 186 4
947 243 4
758 115 5
140 493 3
151 731 5
475 290 2
838 740 3
892 352 1
719 876 4
44 692 4
495 425 5
129 475 5
609 706 2
771 541 1
586 440 2
289 231 3
842 439 5
129 317 5
490 847 2
1 297 4
582 995 5
58 760 5
987 168 2
630 177 1
253 858 1
767 530 5
643 740 3
769 26 1
219 903 5
373 208 3
629 84 5
972 734 3
459 616 1
486 144 1
658 493 5
587 203 2
300 787 4
611 767 2
174 871 4
652 887 1
638 264 1
573 96 4
440 817 3
212 94 3
731 531 4
844 553 1
321 649 1
90 762 1
870 461 3
561 786 3
176 867 2
275 155 4
233 362 1
897 358 3
708 390 5
636 704 5
873 446 2
323 209 2
115 676 1
920 639 5
896 472 4
57 699 4
973 168 2
987 858 5
269 317 2
384 202 5
138 855 4
657 139 1
738 479 2
692 862 3
351 603 3
387 510 4
81 621 2
863 865 3
284 695 4
51 682 4
365 342 2
10 317 5
392 433 4
234 67 2
934 728 2
674 965 3
841 867 3
445 29 5
39 796 3
196 429 2
774 509 4
906 616 2
375 367 2
407 467 2
777 742 1
814 557 1
795 894 2
30 138 1
796 938 1
283 88 1
255 555 1
341 966 5
716 101 5
781 156 4
864 626 3
926 606 4
51 125 1
429 740 1
659 639 5
576 132 2
762 258 1
308 257 1
730 181 4
96 786 4
298 416 2
199 739 5
648 449 1
310 312 1
457 662 4
217 303 4
821 574 4
589 966 2
40 529 4
247 558 4
819 217 2
247 123 1
531 156 3
119 296 5
160 862 1
213 692 1
320 95 3
4 915 3
479 200 4
213 536 4
113 943 5
806 464 1
822 698 3
132 945 3
819 251 4
165 235 3
43 664 4
148 618 4
83 144 3
871 460 4
727 479 2
867 68 5
41 106 5
678 154 2
893 506 3
5 281 1
241 703 2
923 109 3
876 333 5
309 768 3
838 852 1
193 442 3
675 847 3
522 791 2
196 860 1
127 72 2
837 46 1
910 980 4
445 114 3
329 561 1
225 58 4
636 770 5
315 198 4
464 255 2
338 323 4
322 257 1
136 504 4
531 735 1
423 330 1
663 963 2
432 243 3
62 866 4
542 273 5
306 864 5
8 527 2
563 140 2
62 403 2
170 653 5
997 164 3
373 655 2
968 888 5
941 848 3
230 337 1
568 611 4
426 658 1
218 823 2
402 991 2
709 582 3
321 58 4
264 988 3
958 72 3
904 964 4
114 606 4
36 68 4
348 288 3
478 973 5
236 632 5
839 745 3
833 74 1
677 478 3
326 177 5
225 915 2
835 667 1
710 673 3
341 921 2
268 517 5
114 241 1
927 679 2
945 423 1
405 909 1
517 416 4
460 240 3
604 985 5
947 851 2
784 34 1
840 957 2
689 716 4
351 763 5
294 808 2
975 638 4
414 781 4
691 355 5
869 179 3
854 676 2
79 774 5
210 476 2
672 32 4
426 297 4
497 504 4
992 426 1
152 45 4
358 181 5
148 933 1
862 117 4
60 195 5
615 765 3
680 501 3
231 107 1
406 465 1
955 377 4
290 898 5
811 333 4
547 51 5
810 179 3
441 899 2
663 362 3
396 953 1
619 449 4
295 578 5
122 528 5
281 816 2
529 134 3
162 588 1
812 703 2
138 415 2
783 856 5
607 772 2
73 224 3
816 5 1
413 903 2
747 993 5
637 418 2
813 940 5
884 336 4
907 543 4
416 69 4
821 164 1
855 7 4
162 893 5
135 546 3
174 853 2
772 879 4
494 749 2
536 0 3
841 150 1
307 419 4
735 414 4
526 588 5
133 437 2
76 460 4
816 709 5
534 582 1
554 638 2
81 256 4
346 227 5
936 537 3
511 933 5
291 630 2
87 942 3
887 986 1
58 241 2
927 502 4
376 316 5
157 439 5
947 579 3
745 769 2
74 693 2
653 103 1
438 884 1
802 184 3
132 267 3
793 542 4
428 228 2
415 331 2
78 577 3
669 920 5
720 638 5
978 359 4
961 975 1
65 829 1
757 737 1
655 991 5
586 817 2
457 836 3
70 441 2
528 756 3
181 353 4
967 353 4
574 409 2
759 695 5
147 314 5
236 758 4
724 964 4
141 363 4
109 976 3
698 752 2
271 658 5
730 562 1
625 810 2
898 644 3
685 788 4
523 812 4
838 213 3
211 27 5
560 18 5
733 719 5
101 730 4
597 359 4
62 251 5
451 590 3
39 879 5
205 284 4
981 956 5
147 457 1
339 250 3
783 168 1
919 763 1
345 164 5
945 263 2
190 416 4
316 545 2
980 117 5
979 673 5
104 651 1
225 924 3
142 402 5
80 357 2
577 819 4
436 367 3
412 738 1
998 85 4
868 33 5
697 133 5
550 638 3
205 800 4
56 850 5
786 233 5
488 991 4
444 547 4
163 758 3
133 559 5
747 472 2
733 906 3
135 767 4
58 924 5
629 172 4
957 644 5
600 756 4
266 893 5
212 544 3
304 652 5
537 612 2
385 656 2
575 339 3
364 831 4
985 43 4
966 709 4
521 441 5
710 948 1
45 871 5
966 281 1
765 461 2
180 265 3
891 400 4
467 875 1
59 370 2
67 328 5
358 131 4
295 538 4
859 327 5
696 385 3
494 753 1
286 575 3
987 975 4
39 832 4
698 54 5
172 413 1
666 773 5
65 855 5
281 93 5
910 890 2
558 657 2
534 398 1
252 48 5
302 137 4
253 459 5
735 709 1
261 43 1
820 832 4
328 56 2
46 10 5
763 415 5
440 627 1
313 791 2
466 17 3
14 402 4
802 4 2
916 348 1
680 194 1
654 732 3
374 334 2
319 681 5
576 691 2
329 483 4
484 147 3
959 923 1
581 320 3
272 811 4
427 314 1
266 960 3
311 662 4
745 757 5
892 958 1
672 176 5
835 291 1
270 60 5
756 564 2
245 666 3
655 903 3
208 778 2
470 656 3
931 958 3
575 513 5
158 16 2
700 301 5
813 134 1
798 506 4
668 783 3
584 959 4
417 514 4
40 834 3
980 481 5
253 668 4
304 773 2
384 570 1
994 242 4
688 996 1
499 158 3
339 475 2
462 529 2
248 791 5
438 285 1
114 740 3
92 498 5
838 614 2
282 558 2
901 288 2
560 532 3
135 590 5
841 431 5
319 295 1
442 570 3
188 104 3
580 479 2
382 911 4
785 78 1
405 445 3
203 938 1
596 198 1
555 94 5
39 587 4
989 935 5
929 954 4
975 600 3
453 432 1
731 753 4
446 659 3
988 720 2
169 533 2
759 205 4
214 730 5
615 731 3
754 163 3
731 93 5
865 545 1
986 849 1
742 202 1
949 310 1
761 60 2
147 642 2
7 681 3
47 848 3
118 751 3
2 328 1
185 852 1
40 913 5
162 180 4
400 165 3
256 513 1
47 808 3
906 528 2
559 779 1
28 856 5
897 652 2
256 687 5
770 244 4
277 624 4
661 529 2
286 872 2
339 872 1
885 378 4
783 252 2
165 435 3
828 263 1
618 943 4
24 316 4
829 255 1
349 265 2
882 183 2
492 475 4
288 822 4
861 589 5
205 961 3
522 776 4
187 793 4
281 735 3
978 358 3
76 45 2
658 517 1
840 571 2
225 934 3
946 376 3
552 663 3
143 411 2
942 337 2
389 358 5
945 336 3
595 214 3
557 421 3
850 197 4
447 396 1
81 269 3
751 847 5
896 604 5
190 425 5
913 705 5
361 215 2
284 370 4
239 770 3
25 933 4
600 524 2
257 37 5
745 464 1
438 267 5
615 75 1
326 50 5
256 831 2
51 120 1
85 196 1
677 235 2
565 637 4
759 192 1
863 971 5
3 447 1
647 986 5
121 268 5
727 949 4
943 43 5
337 193 3
850 950 4
573 688 5
116 321 4
683 732 2
327 705 4
293 995 4
161 883 2
982 935 4
963 972 5
349 279 1
414 879 5
293 37 5
250 530 3
759 742 1
341 736 5
793 152 1
201 464 4
722 361 5
822 426 4
673 231 2
637 281 1
28 192 4
924 445 2
977 657 4
457 86 2
415 681 5
773 954 5
227 759 5
843 317 5
441 350 5
388 681 3
670 454 2
442 564 4
229 290 1
763 825 3
238 942 1
163 255 1
432 888 1
28 205 2
892 553 5
331 745 2
544 854 1
336 381 4
191 779 5
400 550 5
94 854 5
552 448 4
830 692 4
389 253 4
266 884 2
511 472 4
957 602 3
463 156 4
288 803 3
83 761 3
929 708 3
722 77 2
310 216 4
878 322 4
749 796 3
627 88 5
946 684 1
972 561 5
535 63 5
550 677 1
315 785 4
868 919 5
214 984 1
177 728 4
498 366 4
920 860 1
265 506 4
272 622 1
650 447 1
159 16 5
327 661 1
49 527 2
773 487 5
453 977 5
495 13 4
394 262 2
938 884 2
458 700 1
384 165 3
743 239 3
53 647 3
488 576 3
882 854 1
735 37 4
296 978 2
993 896 4
101 671 1
797 293 2
232 749 2
297 657 4
145 412 3
151 160 1
227 284 3
275 17 2
722 594 3
903 79 1
953 498 4
180 991 4
285 732 4
875 670 1
555 65 5
308 39 5
473 925 5
192 640 4
883 533 2
651 772 1
701 112 3
451 81 4
439 83 3
676 419 3
422 591 1
195 717 1
417 907 4
449 476 2
936 116 2
60 157 4
816 651 5
454 997 2
650 366 3
136 104 4
916 309 4
627 921 4
588 167 2
75 637 5
56 871 2
766 453 1
840 937 5
617 376 3
283 586 3
589 44 1
937 248 1
527 988 3
511 52 5
773 176 3
441 723 4
341 608 5
917 164 1
985 470 3
332 801 4
67 197 4
523 481 2
894 730 3
157 415 5
659 225 5
73 350 5
551 552 4
389 205 2
307 715 5
898 900 2
584 789 4
626 359 5
58 910 5
388 22 1
630 612 1
738 277 1
306 790 4
881 304 3
695 344 3
902 211 5
354 745 2
59 274 3
577 794 5
686 179 3
169 573 5
74 492 5
4 873 4
609 815 2
261 959 1
461 44 5
29 300 5
187 892 3
210 622 5
397 893 1
501 878 1
907 905 5
848 847 2
785 993 1
54 495 1
345 716 2
574 245 4
843 436 3
705 40 3
911 726 5
469 646 3
542 553 1
259 277 3
77 150 4
299 191 1
699 746 5
291 729 5
449 36 1
674 15 1
432 1 5
76 859 1
984 689 2
838 323 1
618 601 3
854 144 5
171 137 5
912 930 2
337 519 5
848 239 2
658 579 5
459 784 2
369 227 1
542 853 5
762 142 3
300 406 5
464 412 5
466 813 3
813 67 5
402 576 1
479 307 2
284 264 4
172 452 5
563 288 4
821 431 3
591 423 5
131 889 4
641 754 3
742 677 4
787 760 2
938 6 2
312 145 2
869 612 3
417 428 2
100 390 3
64 863 4
48 885 3
968 947 5
95 909 2
441 251 1
346 411 5
730 811 4
103 762 2
651 39 1
933 391 4
596 770 2
775 363 1
23 364 2
895 93 5
382 617 5
636 723 4
445 300 1
581 728 5
749 870 4
114 667 2
215 623 4
372 154 1
983 449 1
652 929 2
407 101 5
507 94 3
362 793 4
841 345 2
856 961 2
861 830 1
731 88 4
582 680 2
62 47 4
90 878 3
222 240 4
216 914 5
866 675 5
626 801 2
858 554 2
913 365 3
760 9 1
277 641 4
272 467 1
752 121 4
76 17 5
287 840 3
222 859 1
595 131 5
679 71 2
789 25 2
935 212 3
970 683 4
422 265 3
806 758 5
277 319 3
105 664 1
441 490 4
251 337 1
11 822 1
653 66 2
442 554 1
636 25 1
101 689 4
202 274 5
873 159 2
993 601 5
979 808 5
635 293 5
470 294 1
802 625 5
47 941 5
465 481 2
3 135 4
12 797 1
849 535 2
459 788 3
455 755 4
222 561 4
661 96 3
555 115 4
144 935 2
231 999 4
443 264 5
362 67 2
577 896 4
205 202 3
189 379 5
593 836 5
934 300 2
55 592 3
511 664 3
799 338 2
864 716 3
502 493 5
178 851 3
74 560 4
198 515 1
132 583 5
268 171 2
936 159 5
79 208 3
912 554 4
208 422 2
90 6 3
953 849 4
113 515 4
392 345 4
920 667 4
830 19 2
78 511 5
464 439 5
950 161 5
866 515 3
515 673 5
517 318 2
997 889 5
18 313 2
923 656 2
872 925 3
64 493 3
308 232 5
2 892 3
945 125 3
593 569 2
74 514 2
337 993 1
656 771 1
141 81 2
290 590 4
61 143 5
328 660 1
474 681 4
904 209 5
599 122 5
410 107 1
38 633 2
930 346 2
714 131 5
902 191 4
544 255 1
531 151 3
978 714 5
627 266 1
5 749 3
9 159 2
934 810 3
92 63 5
287 513 4
514 317 3
565 586 4
40 755 5
972 427 1
811 359 1
323 915 1
25 985 3
449 897 4
764 987 5
788 695 2
20 416 3
319 259 4
643 852 3
387 146 4
48 377 1
608 706 4
135 92 1
777 788 2
153 23 2
964 175 1
145 757 3
43 182 2
799 152 5
820 753 4
633 113 1
934 643 4
910 639 4
947 278 1
186 107 4
133 14 2
258 653 3
256 218 3
359 997 1
182 239 1
540 662 1
203 293 3
996 327 5
143 253 2
660 569 4
868 354 3
292 536 3
721 69 2
589 194 3
948 618 1
190 426 5
378 952 4
136 781 3
602 498 4
193 808 1
2 147 2
972 755 4
459 227 4
186 917 2
827 84 2
818 283 5
408 479 2
426 517 1
479 842 3
485 908 2
381 191 2
804 649 4
323 421 2
361 597 3
19 6 3
130 940 4
128 431 4
62 516 3
369 570 3
246 0 5
723 515 1
947 620 3
347 330 2
252 564 3
415 408 2
103 444 2
970 903 4
822 453 1
154 569 5
99 355 4
413 263 2
109 238 2
952 430 5
501 797 4
323 179 3
459 524 4
257 918 4
14 386 4
920 760 2
881 214 5
334 929 5
220 605 4
463 699 4
508 965 4
325 647 2
479 761 3
407 978 2
549 977 4
253 783 3
932 984 2
486 474 1
122 906 4
359 68 2
775 750 2
354 580 2
593 663 5
522 907 3
366 575 4
690 711 1
205 638 5
626 210 3
635 104 4
183 855 3
790 467 4
875 954 1
576 381 3
18 135 3
778 211 3
126 135 1
655 559 3
876 929 1
667 908 1
983 476 4
186 264 4
283 211 5
556 916 3
798 79 2
41 514 4
990 141 1
0 209 2
898 872 5
384 677 5
806 738 5
927 493 4
720 930 5
747 80 1
945 886 5
740 185 4
858 777 1
8 599 4
597 215 5
720 478 1
825 270 4
92 611 3
286 532 1
756 49 3
356 88 3
529 352 2
853 147 3
161 275 1
356 494 5
366 840 2
268 247 2
609 635 4
901 851 4
110 121 5
453 741 3
809 297 1
283 461 3
886 133 3
226 250 1
871 980 1
778 583 1
259 806 1
473 543 2
143 487 3
654 981 5
188 731 4
442 952 5
85 291 5
650 149 2
886 146 3
41 590 3
366 10 3
84 845 5
533 813 2
271 927 5
492 644 2
360 173 3
93 88 3
410 550 3
762 422 2
362 963 1
385 866 4
401 684 3
133 301 1
25 78 3
354 825 2
37 31 1
458 373 3
725 344 2
880 489 3
145 89 2
403 470 4
77 790 4
881 652 4
487 594 5
539 105 3
504 692 4
103 258 1
155 552 5
121 20 1
430 764 3
372 621 4
994 293 4
977 382 5
627 75 4
195 259 5
659 321 1
774 526 3
808 993 1
348 880 4
208 970 5
304 375 1
451 602 1
861 627 2
736 117 5
560 939 3
591 506 4
424 243 2
59 192 1
270 632 2
954 380 1
419 769 2
259 982 3
366 568 3
162 413 4
614 300 3
279 437 4
779 132 5
173 450 3
802 446 1
756 393 5
688 705 2
1 712 2
113 224 3
721 425 2
159 445 1
743 959 4
132 422 2
887 791 2
119 894 3
699 736 2
111 841 2
945 14 4
918 194 2
475 951 3
677 192 2
578 60 2
0 802 4
280 118 3
236 855 3
450 698 5
317 396 3
516 633 3
332 876 5
405 321 4
603 758 4
354 882 2
341 414 3
591 991 5
976 87 2
855 307 1
113 52 3
763 277 2
775 339 1
87 584 4
783 430 4
924 189 4
920 557 2
198 941 5
430 800 2
935 578 1
612 760 1
977 901 1
88 104 4
573 240 2
293 494 5
464 138 5
290 228 4
167 798 4
124 206 1
532 226 2
103 655 2
151 921 1
46 498 2
795 562 5
42 619 3
838 481 3
443 202 4
650 367 2
770 899 4
461 651 3
232 690 3
913 155 4
955 564 4
533 483 1
365 462 3
166 558 2
336 779 4
402 566 5
666 983 3
983 111 4
471 900 2
90 631 4
492 872 1
407 359 4
37 879 2
599 82 5
647 153 3
850 127 3
387 258 5
186 82 4
515 496 4
158 209 2
112 306 5
410 289 5
721 20 4
383 432 4
899 280 1
475 602 4
969 437 4
714 670 1
79 254 1
154 705 5
249 315 3
398 690 1
427 688 1
195 115 1
734 56 4
570 231 5
116 207 1
139 13 3
480 126 2
944 647 2
549 54 3
348 108 1
647 311 3
906 874 5
265 960 5
141 269 2
452 51 1
746 151 2
209 729 3
311 141 5
279 299 1
671 53 4
104 463 4
714 487 1
218 693 2
843 447 4
125 299 4
987 289 5
108 493 3
863 190 2
346 638 1
174 850 1
255 412 3
636 47 4
792 997 3
416 297 4
724 614 3
681 855 5
769 965 4
678 834 4
10 250 1
922 603 2
824 879 5
452 956 1
721 382 4
745 782 5
313 290 1
343 154 1
831 560 3
354 989 5
538 914 4
898 480 4
312 295 1
457 621 3
886 683 4
923 470 1
369 527 3
359 35 5
71 865 1
251 636 3
201 408 5
374 897 1
870 151 3
363 905 2
338 67 2
15 144 2
894 359 3
474 737 3
704 923 3
390 210 4
969 547 1
234 613 3
342 56 5
210 361 5
864 894 1
36 150 3
901 863 2
684 376 3
618 251 3
956 547 5
572 130 4
404 967 1
522 568 5
554 384 3
500 514 3
694 737 3
714 997 1
897 666 1
766 139 2
142 653 5
458 133 1
159 557 1
304 345 2
80 515 3
362 130 5
443 8 2
43 230 3
248 872 1
348 803 3
23 602 5
307 354 2
982 420 4
210 875 3
516 280 5
9 213 4
993 596 5
679 297 3
267 263 3
181 978 1
988 358 4
788 856 3
717 395 4
876 131 2
930 677 4
959 771 1
113 324 1
532 944 2
427 234 3
152 552 3
836 96 4
171 491 4
435 874 1
50 485 4
184 241 4
119 978 1
293 861 4
506 559 3
936 909 4
481 213 4
584 519 1
903 132 2
967 594 4
108 865 1
210 215 2
92 325 5
333 32 4
357 496 1
794 941 3
923 770 4
920 630 4
33 829 1
88 746 1
232 651 3
644 248 4
19 879 5
744 192 1
547 778 5
630 838 3
291 910 5
629 394 2
482 486 3
144 89 4
912 284 3
873 998 5
735 308 3
686 581 2
693 466 5
448 551 2
189 523 5
163 737 4
979 78 1
26 555 2
965 745 3
739 977 5
899 324 5
262 547 5
240 169 5
614 434 2
645 910 3
0 189 4
992 505 1
570 928 4
880 71 3
991 285 1
591 970 5
494 257 1
520 499 3
305 807 3
956 285 4
825 854 5
393 744 4
916 803 4
802 55 3
9 95 3
212 115 1
894 334 2
316 863 5
602 560 1
698 971 5
116 998 5
986 831 2
306 929 4
210 671 2
656 539 5
248 436 4
291 523 3
987 61 5
722 128 4
730 652 4
918 203 1
530 492 3
682 349 2
404 776 4
529 853 2
540 760 5
346 49 5
353 801 2
886 219 2
690 820 2
190 97 2
527 264 1
816 341 4
814 924 3
754 806 1
558 316 3
240 859 3
792 983 1
977 54 3
672 42 1
676 60 1
199 657 2
320 4 2
763 914 1
323 291 1
634 520 2
946 416 5
759 952 3
89 212 1
500 363 4
952 335 2
241 852 2
306 666 3
861 587 1
200 15 2
352 483 5
462 569 2
48 202 3
661 533 5
537 980 2
327 553 5
665 3 1
266 510 2
197 520 5
783 638 2
88 293 1
912 34 5
954 689 2
313 575 4
186 973 3
829 763 4
544 7 2
571 849 1
443 459 4
674 914 1
545 620 1
865 698 2
792 454 4
992 288 2
521 73 2
612 835 1
535 250 4
89 855 4
962 114 3
505 173 5
445 95 3
417 286 3
22 737 5
448 892 2
186 49 1
186 858 1
986 223 2
552 974 4
309 865 4
594 978 4
993 577 4
851 726 1
495 822 4
604 664 2
866 470 3
114 196 1
532 237 4
886 170 3
720 289 3
171 278 1
358 467 2
320 241 3
504 753 2
918 772 2
714 409 3
100 811 2
56 572 5
754 482 4
260 28 4
105 303 2
972 484 3
169 448 2
85 175 5
797 267 2
538 331 1
110 822 1
801 562 3
339 63 4
117 565 4
72 799 1
585 411 4
393 668 5
916 977 3
83 555 2
905 313 3
67 940 1
657 712 5
868 949 3
915 16 4
707 130 2
17 147 5
604 942 5
384 725 5
576 170 4
63 328 2
573 940 1
937 149 5
906 389 1
701 214 2
34 165 3
863 453 1
299 120 2
855 474 4
643 669 1
299 204 3
743 118 5
904 406 5
884 299 3
146 263 2
29 962 3
622 68 1
700 262 1
464 474 4
435 807 2
868 220 4
595 773 5
797 607 3
18 471 3
53 181 3
765 257 3
336 263 1
812 753 4
746 356 5
861 815 5
730 304 2
736 709 1
120 413 2
360 911 3
946 911 1
52 710 4
418 589 1
666 574 4
302 166 5
146 839 2
331 508 1
735 93 2
138 60 5
176 594 1
297 298 1
55 434 3
703 291 2
784 685 5
604 25 5
514 364 3
781 706 2
352 707 1
873 445 1
832 736 3
394 903 1
116 179 1
976 193 3
598 251 5
863 171 3
948 942 5
912 389 2
858 443 3
62 770 4
149 571 1
852 29 2
35 795 5
977 748 2
611 925 1
331 548 4
875 334 3
759 744 4
185 179 4
316 549 2
175 802 3
743 441 3
199 20 5
51 191 5
741 376 5
644 311 3
351 33 4
29 158 4
65 354 2
489 698 5
7 94 4
533 963 2
812 934 1
812 980 2
618 923 4
488 683 4
852 379 2
58 179 4
698 901 4
751 979 5
813 240 2
15 805 5
256 428 5
328 859 1
586 772 3
255 439 3
868 412 5
950 234 2
790 214 2
599 744 4
254 576 5
207 446 5
686 175 5
885 961 3
304 689 4
434 926 1
403 877 5
819 25 5
351 676 1
22 33 4
608 414 2
674 201 5
642 561 5
594 407 4
666 932 2
390 811 2
844 457 3
588 355 3
26 310 5
304 875 4
924 904 1
214 304 5
568 126 3
490 25 1
436 840 1
974 553 3
674 60 5
133 79 1
479 94 5
95 292 3
289 274 3
977 752 1
612 185 3
209 499 1
7 839 5
532 907 2
195 715 2
204 132 3
709 608 2
392 42 3
69 348 2
482 681 3
240 707 2
836 533 3
623 574 5
792 272 3
36 708 3
407 875 4
591 576 1
559 970 5
909 625 2
969 559 5
985 280 5
780 451 5
685 435 2
541 260 5
685 459 5
156 57 3
587 921 1
300 686 1
446 787 5
868 782 2
559 51 5
565 830 2
767 339 4
310 681 3
59 719 2
640 788 5
507 674 1
759 955 1
794 148 4
722 652 3
326 341 3
964 581 4
46 339 4
457 233 5
226 149 5
879 699 2
60 855 1
21 76 3
880 453 3
895 804 1
510 299 5
372 958 1
632 388 4
945 956 5
801 454 3
846 253 3
176 359 3
471 568 5
946 822 1
282 108 5
532 223 4
681 949 4
327 314 2
572 931 4
374 32 5
431 672 2
575 226 3
206 459 4
930 550 2
504 156 3
690 322 3
31 824 5
114 910 1
712 977 4
534 57 5
193 70 2
401 302 4
413 576 1
174 913 4
545 1 3
825 681 5
264 719 5
476 730 3
776 226 1
317 46 1
210 353 2
762 51 4
820 879 4
696 943 5
365 799 4
821 790 3
454 595 3
21 883 5
884 422 1
929 164 3
611 226 4
384 759 3
865 851 3
406 207 3
630 340 3
995 93 2
60 754 5
910 95 1
710 391 2
483 169 4
174 234 5
596 105 4
983 622 2
566 211 3
404 626 1
335 574 1
122 274 3
774 66 3
329 958 3
6 862 3
416 927 5
987 906 3
524 599 2
919 115 1
786 2 3
400 759 5
500 840 5
443 524 1
941 704 3
504 5 1
66 547 3
963 542 2
317 248 2
980 908 4
74 957 4
914 220 2
315 664 4
13 268 4
146 51 4
725 186 2
40 147 3
54 416 1
930 124 1
676 544 2
685 733 5
43 584 2
429 869 2
485 536 5
222 197 1
903 691 2
930 885 4
857 70 5
353 881 4
151 589 2
11 171 4
153 396 3
775 546 3
306 32 4
543 650 4
634 703 5
240 174 5
709 692 4
230 874 2
849 366 5
448 972 5
325 602 4
826 418 4
287 647 1
499 980 5
425 247 3
742 784 3
168 384 2
39 818 1
329 155 5
858 370 5
400 168 1
494 781 2
145 30 3
444 402 4
24 766 1
56 813 1
149 10 4
461 589 3
981 827 3
360 348 1
535 218 5
613 448 3
264 305 2
296 407 5
852 802 4
950 2 1
154 365 3
474 331 2
974 343 3
670 375 2
302 139 5
940 187 2
46 900 1
234 663 3
730 409 4
826 615 5
136 93 5
781 746 3
722 983 4
199 556 1
458 279 2
957 475 4
238 198 3
762 167 3
19 194 1
638 186 1
955 874 2
50 9 1
441 78 5
381 349 2
95 964 2
333 889 3
225 860 4
316 383 2
853 67 3
446 340 3
527 61 4
675 601 4
670 476 2
555 757 2
388 727 3
271 888 1
393 346 1
212 412 5
488 133 4
659 924 3
110 316 3
142 349 2
860 340 2
150 889 3
663 844 4
929 623 2
731 861 4
943 516 2
213 606 2
86 533 2
475 81 5
486 415 2
890 964 2
983 841 3
781 587 4
879 680 5
78 819 1
103 299 2
547 438 1
162 285 3
656 113 1
878 194 5
203 680 2
620 493 1
118 771 5
304 791 2
244 441 1
413 423 1
155 734 2
461 371 3
887 900 4
401 13 3
439 415 4
174 91 1
104 817 5
814 787 3
318 316 3
594 433 4
601 224 5
46 972 5
526 778 1
462 799 1
122 205 2
939 256 2
270 806 1
423 583 2
697 526 5
450 24 5
696 472 4
613 233 3
16 724 2
667 446 5
231 599 1
258 402 2
720 885 3
97 140 3
432 768 2
217 610 4
136 699 1
788 289 2
987 361 4
32 790 5
922 965 5
550 34 1
309 947 2
320 686 5
918 879 3
32 897 1
242 824 3
912 384 2
335 28 1
153 436 3
827 956 3
579 318 5
110 348 1
485 406 5
291 177 2
979 52 5
166 121 4
293 283 1
905 74 5
860 904 5
706 136 5
185 445 3
955 435 1
582 586 3
189 185 5
352 542 5
188 879 5
834 593 1
952 720 1
394 336 2
144 439 1
668 906 1
967 939 4
214 101 3
265 301 4
9 812 3
672 449 3
274 252 4
644 767 2
396 74 2
643 612 4
632 115 5
570 227 2
729 421 2
502 766 5
264 685 3
771 539 4
468 714 5
765 878 4
150 42 3
311 248 2
425 752 2
632 216 1
850 786 3
163 319 3
950 460 3
821 304 1
195 982 2
14 452 2
718 771 3
937 250 2
336 191 3
396 129 3
500 248 4
71 64 2
340 873 5
892 362 1
946 525 5
447 937 2
29 926 2
439 7 1
602 313 4
154 542 4
379 934 3
124 640 2
630 323 5
915 0 1
177 936 2
668 554 4
581 612 5
539 959 4
526 506 5
173 502 2
992 748 1
477 882 1
411 49 4
52 62 3
161 362 5
776 602 3
391 238 1
886 267 2
65 694 1
912 999 1
432 278 5
64 726 3
176 306 3
69 137 1
526 27 3
218 343 1
139 646 5
479 24 4
890 291 1
713 249 2
438 827 5
938 709 5
713 80 3
808 959 2
115 33 5
461 921 3
170 162 5
927 495 2
788 202 1
350 656 2
107 685 3
653 779 2
628 180 2
735 879 2
571 532 4
518 66 5
134 940 4
255 538 3
154 91 3
552 240 2
76 314 2
500 833 2
970 518 5
501 57 3
604 948 4
839 754 1
508 408 3
595 666 5
428 990 2
479 89 2
281 322 5
297 268 4
975 264 3
825 94 4
492 135 1
899 80 5
932 867 1
720 856 4
266 279 2
313 126 1
587 830 1
628 162 4
801 619 1
843 396 5
354 919 1
993 794 1
646 679 3
207 434 3
870 699 2
244 224 3
402 120 1
589 341 1
891 640 1
462 613 4
874 599 5
789 239 5
254 509 3
576 211 5
545 863 1
873 291 2
594 361 2
327 871 2
702 4 1
699 156 4
600 928 4
830 39 1
828 893 5
109 47 5
594 773 4
38 224 4
572 786 3
496 324 1
973 720 3
480 447 3
760 904 1
111 407 4
770 490 4
821 476 3
810 860 5
690 781 2
645 291 4
928 369 2
653 180 1
186 202 5
106 647 3
429 772 5
252 264 2
921 781 1
605 512 1
52 675 5
627 104 1
249 704 5
762 970 3
76 338 1
680 534 4
414 6 3
351 354 2
169 793 4
638 961 2
191 413 4
821 404 2
640 393 2
51 285 5
68 358 4
573 850 3
128 345 5
107 61 1
593 197 1
248 900 4
791 135 5
447 546 2
136 494 4
481 810 5
378 554 5
263 266 1
649 870 2
659 909 4
865 549 3
938 820 4
461 151 4
506 488 1
683 506 2
889 53 5
266 576 4
895 461 5
180 387 5
296 359 4
386 886 1
352 569 1
343 98 1
809 110 2
611 364 3
514 953 3
76 892 2
317 149 1
338 273 3
613 734 2
235 988 4
724 904 2
917 449 2
301 778 5
504 649 3
973 955 1
15 419 4
519 979 1
864 454 2
289 600 2
365 786 4
67 102 3
836 540 4
308 731 3
4 189 1
772 37 5
525 865 5
233 323 4
428 560 1
803 1 5
0 814 5
102 96 1
907 693 3
114 625 5
117 635 2
836 152 5
106 900 5
784 28 1
177 158 1
960 700 2
292 869 1
675 261 2
309 863 4
313 953 5
815 731 3
66 991 4
158 9 2
294 496 3
874 570 2
269 339 5
549 916 1
338 234 3
257 497 1
442 988 3
78 771 4
730 864 3
582 242 3
997 811 4
755 314 4
861 832 5
661 187 4
776 471 2
385 948 4
275 542 5
719 788 3
362 553 1
41 767 3
882 408 5
848 78 1
987 999 4
958 663 1
357 601 2
442 459 4
959 198 4
981 170 1
718 280 1
677 570 2
47 601 4
458 778 3
52 633 2
183 805 5
590 237 4
943 675 4
382 563 3
15 24 2
310 825 1
264 107 4
669 175 4
426 851 2
341 692 3
873 213 1
447 63 5
207 12 4
296 32 5
336 132 3
534 93 4
171 901 5
530 229 1
469 297 1
425 382 1
533 613 1
595 997 1
805 157 2
354 7 2
299 84 4
167 510 2
809 282 2
403 857 5
900 602 5
691 103 4
190 851 2
749 414 5
860 729 3
125 208 3
200 138 3
141 256 4
987 235 2
18 546 4
415 420 1
309 425 3
573 663 2
934 320 4
151 194 3
132 120 1
343 786 1
142 146 1
921 456 2
15 183 2
768 171 1
976 70 2
329 240 3
123 657 2
604 943 4
511 148 2
480 313 4
758 763 1
481 686 3
481 209 2
574 792 5
486 216 2
346 733 5
496 704 1
351 178 3
307 464 5
373 180 2
722 150 4
236 138 3
9 630 2
3 791 4
102 551 2
966 736 5
843 127 5
324 251 5
487 332 3
424 416 5
740 320 1
652 176 3
958 786 1
521 515 3
933 541 3
523 606 2
687 269 1
657 282 4
452 355 5
339 174 1
826 879 5
501 534 2
729 16 1
871 21 1
756 34 3
799 553 2
498 560 4
332 708 4
884 301 1
155 834 5
475 750 5
247 24 1
736 692 3
975 377 1
641 914 4
221 801 2
302 453 2
821 983 3
947 865 4
87 808 3
743 847 5
836 663 1
50 980 4
321 614 1
513 571 3
506 566 3
831 776 4
172 386 3
452 387 5
675 959 4
178 712 5
858 585 5
324 942 2
871 448 3
386 330 4
590 693 2
358 932 3
367 451 4
912 764 4
924 639 1
768 425 2
537 196 4
874 124 3
741 243 3
373 355 4
217 350 4
683 219 4
650 776 4
955 384 4
744 59 5
240 542 1
449 574 2
289 34 3
248 396 4
350 249 4
883 484 1
381 254 5
511 519 2
286 647 2
954 392 3
480 228 2
435 260 4
598 48 4
437 267 2
799 569 3
311 74 4
352 222 3
238 633 4
400 756 5
164 811 4
691 654 5
453 13 1
959 899 3
663 871 3
967 364 1
243 916 2
445 177 3
728 802 5
222 552 3
741 137 3
532 149 5
647 775 4
730 77 3
228 644 3
567 710 3
40 91 2
298 620 1
167 219 3
995 534 4
50 909 2
343 127 4
797 232 1
176 353 1
841 932 3
817 587 1
582 501 4
338 314 3
599 638 5
534 862 5
149 451 1
615 938 4
770 985 1
56 836 3
982 854 2
906 335 5
441 315 5
708 701 3
308 188 1
908 300 3
266 394 5
107 335 4
890 920 2
411 399 5
95 787 5
913 834 1
942 217 1
869 340 5
230 193 2
804 635 3
395 482 5
219 945 4
796 921 3
492 106 5
904 179 2
359 245 3
909 869 4
434 630 4
621 134 1
233 850 3
748 426 4
439 212 1
839 33 4
138 331 2
473 290 3
936 934 3
135 900 5
258 170 2
131 562 5
302 432 5
156 37 1
107 28 1
733 891 2
626 392 3
701 967 3
571 141 4
853 931 5
372 793 1
173 489 4
17 327 2
79 591 5
488 444 2
872 313 2
433 449 5
342 850 4
596 633 2
83 982 2
883 352 3
893 285 5
423 254 3
365 187 4
683 697 5
887 149 2
650 471 5
815 151 1
771 62 4
843 575 3
826 57 3
282 525 5
863 432 3
512 94 3
784 443 2
413 956 2
641 545 1
364 10 1
430 720 4
51 591 2
411 165 1
7 420 2
841 304 4
946 752 1
418 156 3
895 735 5
616 192 4
270 30 2
820 204 4
139 741 2
471 530 5
658 901 5
592 740 5
513 106 4
992 768 5
919 183 3
606 0 1
735 817 4
224 976 3
768 503 3
702 920 2
207 0 1
185 934 2
91 940 2
118 109 4
46 644 2
558 968 1
888 243 3
989 270 3
406 209 4
91 613 3
563 121 3
756 599 5
815 818 4
757 935 2
602 833 1
936 904 1
431 101 1
824 649 4
698 658 3
191 991 4
174 328 3
206 260 1
138 7 1
107 260 5
24 809 1
906 284 3
736 504 1
671 374 2
982 758 1
167 27 3
100 597 5
273 21 5
107 442 3
350 601 3
615 418 4
201 216 1
548 674 1
521 942 5
514 843 2
579 24 1
643 4 4
428 149 2
949 782 1
243 563 5
430 370 5
771 148 1
679 11 1
315 985 2
956 299 5
770 610 3
378 305 1
675 743 2
993 496 4
961 410 2
978 716 3
313 41 4
716 361 1
417 10 3
765 870 4
448 755 3
962 581 5
5 565 4
956 691 5
762 386 1
769 914 3
34 124 4
525 620 3
947 657 4
635 994 2
945 437 2
419 201 5
530 905 5
391 819 2
555 474 2
489 968 5
333 176 5
398 804 1
649 735 1
48 253 1
50 465 2
337 604 1
629 146 1
30 914 2
452 347 1
619 476 4
377 393 3
632 968 5
930 186 2
655 774 3
728 910 1
602 522 2
276 468 5
25 303 4
375 32 3
95 810 2
18 937 3
108 426 5
135 74 4
295 935 3
541 521 3
749 341 1
792 626 5
843 129 4
557 869 2
504 398 5
275 573 1
90 586 5
218 913 3
559 172 1
533 234 2
447 831 1
510 456 5
659 465 2
122 677 2
43 808 3
573 147 5
562 666 2
443 930 2
755 152 5
844 552 4
917 626 1
636 656 1
253 384 3
474 163 1
195 965 2
331 255 4
360 971 1
186 335 3
443 585 3
553 154 5
458 99 5
667 802 3
851 360 3
38 350 1
845 142 4
526 66 4
613 187 2
116 405 1
434 702 3
93 921 3
71 54 3
963 234 5
611 780 5
709 322 4
959 848 3
413 691 4
841 811 1
68 81 2
820 232 4
715 138 4
83 605 4
897 210 5
755 130 2
399 695 2
141 823 5
794 896 2
687 535 5
509 588 2
546 957 2
495 190 4
287 546 1
43 38 3
861 463 2
194 731 1
954 374 5
770 704 5
114 58 5
581 890 2
563 657 1
231 393 3
976 604 4
825 512 1
354 183 2
903 133 1
34 668 3
504 711 5
203 753 3
676 201 5
374 304 3
807 783 1
814 630 4
462 368 5
910 669 4
205 640 3
396 590 1
745 216 2
319 412 2
441 866 1
40 427 5
715 83 2
667 537 2
664 673 1
867 333 5
523 58 1
822 491 3
718 933 4
221 983 4
148 118 2
368 561 2
513 228 5
265 828 5
412 829 5
982 464 5
71 401 1
874 235 2
929 841 2
262 518 2
237 23 4
355 422 4
371 862 2
124 399 3
995 706 2
278 140 2
846 894 3
85 760 3
467 597 3
823 475 1
889 306 3
99 347 3
231 344 1
681 212 2
399 468 2
608 796 4
612 434 2
506 588 1
952 435 3
810 812 1
742 524 2
274 227 2
587 627 2
972 466 5
615 878 4
515 664 1
729 446 3
136 418 3
38 261 1
212 7 1
186 600 3
458 884 3
96 542 4
2 161 5
395 270 2
494 534 4
13 503 1
660 177 2
848 230 1
473 23 2
552 572 2
278 383 4
690 194 5
649 12 5
491 684 1
104 5 5
114 760 1
217 357 4
846 377 5
784 955 3
133 180 3
923 350 1
660 427 2
560 396 3
432 679 2
315 598 1
245 296 2
721 992 3
703 434 4
299 330 2
537 116 1
190 916 2
727 763 5
605 674 2
631 878 2
976 899 3
403 723 4
287 775 2
392 111 2
779 254 4
227 435 3
392 119 3
32 272 2
54 243 2
103 591 2
200 94 5
563 489 3
861 749 4
774 452 5
242 692 5
931 427 4
651 969 5
383 297 4
879 765 4
229 3 2
502 360 1
46 153 2
247 302 1
876 111 1
906 638 1
7 758 2
680 824 2
460 613 1
794 541 4
889 334 4
302 977 3
859 275 1
876 380 2
161 551 3
726 684 2
91 155 5
504 75 2
152 974 1
431 210 2
561 45 2
584 261 5
71 766 1
847 198 2
985 350 2
72 931 1
30 757 5
577 490 5
440 796 3
323 625 1
491 108 1
304 100 5
717 312 2
350 118 1
947 563 2
40 892 3
647 436 2
19 649 2
153 367 2
314 372 3
418 440 5
53 276 5
709 609 4
462 362 3
657 489 3
142 945 3
835 860 3
7 805 5
651 308 3
209 116 4
518 779 1
252 891 3
622 672 3
420 419 4
658 549 5
315 73 5
819 656 1
992 247 3
748 469 3
263 547 5
827 146 3
538 7 3
259 694 5
182 933 5
236 580 2
372 540 2
578 115 1
342 161 3
600 912 1
287 750 5
4 639 4
242 6 5
452 456 5
996 372 5
428 363 5
243 416 3
839 295 4
496 899 5
27 267 2
387 655 4
840 126 2
34 952 1
526 299 2
700 219 5
53 622 5
689 221 4
778 99 3
136 797 4
353 983 1
467 476 2
347 142 1
501 772 2
641 331 5
863 376 1
134 913 4
688 834 2
631 160 2
935 419 4
198 696 3
673 541 3
927 13 3
423 132 4
883 950 4
856 8 2
473 475 2
136 830 2
599 478 3
307 603 2
716 595 1
392 221 2
735 995 3
130 892 3
334 595 5
778 103 3
854 259 5
911 558 3
690 607 1
940 972 1
552 569 3
188 88 1
288 851 5
815 746 4
161 561 5
22 115 1
145 439 3
230 539 1
193 87 3
385 610 4
576 827 4
940 734 1
305 235 2
926 645 5
856 928 2
542 834 2
915 980 4
250 451 3
736 765 1
419 220 2
376 748 1
997 790 3
953 939 3
853 551 4
53 272 1
472 118 2
78 490 2
666 35 3
711 57 1
383 20 2
428 872 4
289 695 1
176 245 1
205 695 3
943 251 5
681 163 1
43 747 3
340 724 2
794 472 4
218 953 4
327 155 4
909 213 1
113 516 1
5 804 4
970 655 3
526 488 3
585 733 3
603 715 3
449 296 4
362 17 4
283 6 3
25 848 1
996 853 4
694 632 4
931 621 3
249 633 5
552 529 3
326 159 2
982 694 5
59 400 4
153 990 5
156 765 5
731 609 1
620 851 4
850 327 3
897 431 3
78 62 4
170 330 3
100 131 5
688 372 3
710 25 1
410 389 2
37 188 5
690 501 2
175 179 2
60 331 1
267 970 5
97 579 5
828 779 1
285 506 3
431 562 2
185 114 1
512 949 4
235 885 1
849 287 5
785 294 4
634 592 1
533 642 1
728 915 2
336 547 4
46 237 3
326 592 1
511 87 4
606 95 4
672 35 1
547 265 4
876 773 4
708 790 4
6 88 4
497 565 5
5 440 2
983 978 2
330 146 2
260 585 4
386 84 5
190 453 1
813 448 4
330 700 5
16 962 2
268 684 3
519 596 3
840 568 2
745 855 2
630 445 4
100 722 1
606 625 2
937 339 3
702 537 2
698 493 2
726 768 5
176 917 3
536 962 2
856 570 1
594 689 1
640 527 1
762 349 1
873 429 2
111 36 5
189 405 5
290 129 2
50 787 1
784 874 2
700 544 3
794 899 1
914 868 4
250 364 3
584 47 5
354 782 2
968 139 5
308 692 4
76 931 5
38 636 3
937 644 4
35 332 3
135 887 1
276 135 1
444 576 3
388 922 5
744 912 3
310 544 2
441 230 1
503 739 4
565 194 3
588 402 2
313 514 4
954 562 1
239 979 1
491 401 4
517 726 1
475 532 3
691 778 2
395 412 2
880 620 5
267 945 1
3 363 5
933 584 3
10 775 4
451 907 4
492 471 1
858 459 4
191 386 4
698 545 1
461 31 2
119 304 2
65 842 2
243 140 3
332 433 2
325 237 5
547 691 2
293 90 2
330 279 3
888 558 5
249 78 4
810 429 1
560 575 2
207 740 3
98 533 3
887 611 3
936 740 5
518 397 2
738 439 3
942 118 1
303 771 1
195 420 4
794 610 5
105 601 1
375 932 5
431 361 2
778 373 3
895 818 5
150 68 1
711 5 4
648 671 3
407 374 2
226 3 5
25 385 3
58 291 5
75 39 2
416 140 3
409 889 4
169 462 5
132 991 3
173 199 3
567 49 4
389 856 5
170 628 3
268 721 2
882 115 5
817 151 5
692 609 4
891 912 5
852 320 4
200 220 5
534 5 4
873 909 1
932 875 5
614 980 5
91 2 4
433 409 2
271 679 3
337 324 3
304 454 4
107 928 4
319 737 2
209 175 5
624 26 5
205 742 4
738 408 4
349 970 5
442 28 1
722 131 1
904 592 3
12 938 3
186 695 4
935 603 1
316 620 5
95 724 5
212 507 5
160 921 2
50 814 3
476 119 3
882 825 2
659 612 3
865 1 4
464 989 4
302 382 4
864 801 3
68 272 5
733 143 3
298 491 4
162 133 2
62 584 2
19 680 3
712 383 2
50 175 2
746 878 3
319 694 1
141 106 5
378 252 3
122 289 2
738 295 1
736 203 4
275 240 2
881 867 4
611 63 4
18 129 5
896 857 1
435 858 3
699 308 2
395 949 2
706 796 3
432 360 2
967 449 3
62 985 5
44 12 2
793 755 3
323 926 2
178 741 5
850 996 1
985 238 4
671 245 5
509 956 3
774 172 5
798 488 3
746 607 2
218 837 4
744 638 5
688 734 2
433 984 2
101 672 2
17 707 4
686 643 1
131 112 1
43 770 4
870 6 5
596 541 2
689 214 5
257 93 2
195 782 1
22 200 1
316 71 2
677 168 5
12 504 4
675 896 1
480 530 5
97 199 3
147 134 4
555 578 2
258 509 1
813 362 1
645 207 3
287 843 3
186 616 5
435 885 5
786 187 3
404 409 1
972 343 5
113 923 3
914 544 2
765 322 3
839 580 2
351 882 4
415 163 2
974 678 1
923 976 3
579 278 3
346 846 4
257 501 3
169 755 5
622 101 1
92 228 5
196 189 1
695 975 3
922 312 1
431 375 1
644 900 3
815 637 4
442 784 3
272 897 2
413 299 4
42 889 1
70 743 4
903 349 3
428 837 4
32 714 3
232 534 1
814 592 2
121 809 4
834 551 3
980 536 2
40 328 2
352 663 3
651 692 3
834 76 5
140 525 1
686 760 5
519 710 1
632 676 5
120 211 5
67 859 2
254 559 3
879 861 2
215 619 3
145 508 3
777 906 4
208 518 5
865 20 5
748 383 3
449 32 5
696 789 5
368 551 5
601 113 4
110 563 1
869 802 3
757 255 2
118 403 4
316 64 4
791 234 2
611 775 4
834 529 1
617 946 2
21 98 2
961 335 1
959 105 1
389 788 4
493 563 2
661 678 5
941 118 5
113 118 2
853 834 3
889 361 3
562 375 4
587 75 1
672 894 2
401 946 1
741 64 4
211 488 5
520 740 2
966 504 3
608 203 5
948 217 4
414 39 4
977 617 5
397 330 2
973 274 3
395 757 4
753 994 5
563 69 1
67 958 5
132 893 4
133 266 3
541 230 1
337 866 2
152 996 2
584 596 4
305 952 2
843 46 2
57 635 2
327 958 1
55 612 2
854 715 5
141 492 5
329 174 2
649 631 2
904 405 3
351 538 3
114 659 1
657 617 1
526 828 4
968 97 3
973 528 2
360 243 2
983 36 1
110 888 1
364 81 2
44 463 2
591 654 3
462 372 1
637 242 1
976 808 3
615 501 2
827 79 3
819 567 5
378 210 2
701 562 4
664 819 4
449 245 1
378 906 4
501 938 1
504 565 4
427 455 4
635 631 1
878 735 2
146 566 5
741 977 5
79 422 3
958 883 4
627 878 3
384 186 1
582 817 2
202 733 3
946 803 1
918 654 4
119 867 2
227 585 4
595 792 3
320 612 1
663 462 5
368 446 1
969 456 5
891 524 4
181 176 3
941 70 2
270 839 2
407 128 2
14 347 3
886 583 1
962 909 4
598 866 3
468 53 1
192 562 3
803 809 2
701 245 3
837 313 4
303 848 4
142 588 2
735 651 4
799 958 2
120 732 5
10 325 4
400 777 3
36 590 1
239 391 1
879 136 1
879 797 5
736 531 4
222 96 4
598 239 5
454 967 2
323 669 5
313 161 5
323 320 1
516 877 3
171 947 5
653 456 1
962 189 1
577 598 5
533 147 3
165 389 3
343 234 3
154 540 3
351 157 4
474 115 5
878 818 1
471 129 1
191 981 4
309 360 5
536 158 4
195 319 4
918 969 1
180 691 4
495 901 2
992 495 3
937 543 4
336 27 4
323 787 2
695 800 3
26 882 1
54 489 3
397 219 4
769 486 1
710 78 3
764 677 3
202 206 3
570 638 2
152 483 1
497 637 5
887 436 3
478 640 3
964 209 3
782 395 1
868 201 2
710 636 3
993 959 2
967 670 2
483 572 5
565 804 1
759 399 1
79 162 2
922 94 5
951 135 5
164 36 3
656 985 3
5 651 2
417 226 2
324 973 5
209 659 2
512 477 2
158 908 1
311 780 1
686 915 5
855 763 2
379 659 1
236 354 4
889 792 4
16 213 3
864 36 5
75 117 1
561 169 3
422 691 3
62 73 3
190 620 5
500 367 2
153 840 3
384 599 1
912 48 4
47 656 5
318 190 2
806 408 4
981 172 3
148 385 5
85 787 2
584 847 2
788 61 2
492 18 2
99 79 5
678 836 1
862 706 5
482 738 1
659 323 3
768 851 2
699 232 5
798 266 3
285 559 5
388 7 2
306 339 2
141 937 3
572 553 3
514 256 4
424 752 4
293 497 1
510 103 4
342 72 2
103 279 3
235 930 4
485 481 1
928 260 5
254 133 1
187 457 1
971 901 2
735 12 4
469 348 4
218 366 4
627 501 5
25 923 3
690 830 3
738 331 3
817 709 5
978 449 1
359 876 1
8 124 5
369 906 4
803 863 1
84 526 2
596 337 1
371 832 1
554 411 3
556 171 3
233 974 3
886 266 3
702 523 3
706 93 4
63 226 3
456 133 4
277 914 5
0 787 2
91 342 4
174 552 2
533 457 3
569 678 2
618 73 3
18 106 3
213 29 1
734 91 1
850 460 3
530 750 1
347 488 2
393 305 5
772 735 1
646 968 4
288 739 3
710 148 3
239 567 5
422 386 2
636 747 5
473 767 5
531 994 4
747 148 1
93 870 4
454 983 1
205 124 3
655 265 1
612 499 4
252 720 3
700 452 3
362 466 4
717 882 5
926 485 3
336 170 3
517 64 4
776 939 1
665 954 1
998 158 4
254 386 1
371 765 4
156 582 4
559 845 2
517 199 3
142 884 1
412 882 3
808 239 2
476 468 4
852 612 1
436 937 3
371 746 3
984 128 5
17 329 2
317 290 2
226 543 4
241 787 3
645 300 1
691 14 4
386 397 3
850 328 3
243 316 4
575 475 4
613 871 1
243 739 5
175 292 3
866 43 5
264 524 2
765 75 3
70 718 3
921 463 2
113 47 1
962 321 2
291 667 3
4 29 3
438 373 4
563 1 5
248 367 2
516 182 2
409 128 1
227 756 1
205 478 3
987 783 1
700 132 2
93 14 4
588 133 4
30 982 1
277 183 1
499 873 3
468 619 1
997 101 5
367 944 2
577 539 3
185 964 5
427 343 5
373 422 3
583 629 1
709 463 2
217 785 2
145 825 3
424 766 1
309 927 1
481 852 2
354 676 3
965 354 1
319 727 4
531 582 3
296 181 2
940 72 5
646 971 4
796 308 4
131 811 3
230 515 4
775 81 3
295 727 5
998 760 1
956 349 5
42 864 4
490 230 4
582 608 1
894 332 4
625 4 4
89 842 4
145 295 4
583 655 4
195 806 5
290 339 4
40 533 2
694 738 5
970 732 3
598 403 3
807 550 3
437 629 1
773 897 2
716 164 1
834 457 3
824 188 1
240 76 2
253 61 1
529 327 5
887 226 4
647 10 3
655 142 3
136 862 3
443 393 2
590 568 1
854 60 2
769 212 4
9 184 2
794 596 4
593 662 3
578 479 3
389 744 3
275 234 3
106 776 3
462 707 5
869 915 4
643 645 4
148 959 3
886 884 3
546 153 5
860 85 3
504 151 4
813 155 4
894 131 4
892 455 3
823 256 2
713 148 1
68 864 2
435 186 3
563 282 4
782 388 1
946 382 1
108 97 3
990 436 4
801 42 4
122 695 5
248 237 4
56 642 1
915 802 4
757 415 5
220 806 3
465 869 3
623 595 1
533 91 4
879 461 4
215 701 5
390 374 3
522 228 1
62 182 4
68 671 3
899 567 3
32 670 2
362 484 3
531 711 5
187 974 3
499 915 5
38 87 2
245 467 2
840 780 3
433 361 2
796 731 4
388 580 5
78 472 4
600 961 3
693 543 4
34 930 4
322 895 3
114 29 3
900 883 3
428 10 3
984 215 2
378 725 5
622 792 2
893 262 3
831 780 3
526 444 5
128 215 2
556 64 4
556 489 4
800 48 4
501 884 5
29 58 3
353 92 3
693 791 4
631 341 1
839 310 2
371 966 1
995 815 3
264 955 2
946 916 1
132 66 3
623 983 1
460 427 4
766 425 1
270 138 5
999 205 1
597 897 4
274 528 5
216 681 3
260 82 1
764 124 1
378 227 2
964 379 5
250 776 4
706 589 3
380 358 3
990 898 3
142 191 2
361 672 3
652 487 2
166 880 3
264 777 3
953 229 5
583 526 5
12 232 3
665 792 2
435 335 5
85 159 5
843 74 2
471 990 3
524 874 4
830 709 5
197 484 2
126 944 3
905 269 1
388 474 5
54 721 5
977 137 2
240 940 2
352 813 4
787 207 5
100 932 4
556 493 2
584 238 4
85 606 1
22 144 5
187 972 1
251 182 3
332 77 1
734 448 3
868 507 1
857 62 2
688 540 3
817 75 2
229 286 2
58 998 5
888 911 2
512 331 3
752 525 4
934 639 1
758 641 3
12 257 2
451 831 5
13 11 4
263 259 4
66 191 1
522 575 4
70 217 2
323 340 4
299 509 5
161 56 1
95 612 3
658 739 5
112 708 4
790 181 3
320 614 5
223 543 5
232 414 5
137 309 2
693 229 3
250 317 5
25 113 3
696 541 5
422 576 2
671 467 3
296 670 4
360 803 5
879 440 5
54 450 1
441 303 5
557 908 5
747 656 1
789 217 3
161 314 5
433 689 5
994 37 4
834 67 2
679 288 3
326 915 5
874 346 2
868 727 3
8 442 4
106 226 5
927 450 5
646 171 4
968 658 2
201 312 3
623 359 4
281 736 5
355 349 1
248 313 5
462 734 4
818 203 1
230 391 1
992 558 5
83 295 1
697 125 3
796 966 5
855 580 2
907 141 4
837 530 1
401 166 3
293 591 3
212 65 2
23 129 4
721 657 4
365 660 4
957 366 5
864 361 3
795 358 4
311 228 1
190 348 5
818 765 2
835 614 1
44 861 4
431 334 5
11 426 4
618 25 2
439 512 5
932 468 2
702 910 2
169 871 4
568 46 4
801 467 5
703 936 2
729 728 3
773 53 2
488 99 1
65 7 5
394 413 3
572 152 1
28 928 4
689 889 4
865 64 3
409 210 5
578 727 5
798 397 5
927 752 1
987 264 3
816 156 4
504 765 3
880 123 2
374 128 1
340 429 1
677 912 2
77 449 4
557 581 2
851 453 1
950 187 4
869 890 2
891 725 4
742 369 4
123 382 2
9 643 1
22 145 4
113 244 2
163 805 1
373 683 2
249 673 4
541 899 5
310 508 5
211 444 4
820 845 1
157 259 4
208 583 3
566 265 3
543 436 1
295 307 3
561 275 3
843 364 5
338 372 2
410 274 4
848 584 3
225 379 5
127 799 1
956 265 5
803 13 5
520 283 2
98 786 5
786 155 4
640 874 5
410 928 4
550 384 4
212 580 4
86 853 5
640 599 3
794 70 1
81 498 1
778 167 5
547 827 4
720 961 4
882 33 1
276 272 1
575 900 2
706 709 1
873 50 4
294 193 3
283 232 1
147 427 3
248 492 4
665 353 5
124 585 3
437 683 2
434 499 2
327 127 2
503 545 3
756 443 3
975 988 3
559 945 2
353 841 5
176 276 2
789 52 2
609 772 4
597 276 5
780 226 1
617 401 4
368 483 5
659 926 1
672 374 1
456 691 3
550 443 2
638 987 4
414 44 1
725 49 2
841 68 4
777 260 3
203 531 2
672 468 2
103 27 2
74 72 5
153 364 4
900 475 4
433 487 4
389 284 5
276 648 4
924 4 4
904 980 5
172 828 2
397 263 1
248 767 4
963 853 2
498 141 3
477 474 3
733 165 3
253 800 3
867 708 1
253 759 4
56 102 4
319 216 3
753 711 4
524 82 1
546 560 4
812 300 2
906 82 3
441 496 5
666 917 3
309 809 3
134 154 1
925 339 1
637 765 1
595 984 4
440 631 3
335 289 1
