506
42.9 17.7 28.0 21  65.6 174.0 1
43.7 16.9 30.8 23  71.8 175.3 1
40.1 20.9 31.7 28  80.7 193.5 1
44.3 18.4 28.2 23  72.6 186.5 1
42.5 21.5 29.4 22  78.8 187.2 1
43.3 19.6 31.3 21  74.8 181.5 1
43.5 21.9 31.7 26  86.4 184.0 1
44.4 21.8 28.8 27  78.4 184.5 1
43.5 15.5 27.5 23  62.0 175.0 1
42.0 22.5 28.0 21  81.6 184.0 1
40.3 20.1 30.3 23  76.6 180.0 1
43.7 20.5 29.7 22  83.6 177.8 1
47.4 20.8 31.4 20  90.0 192.0 1
40.3 21.7 28.0 26  74.6 176.0 1
41.0 21.9 28.6 23  71.0 174.0 1
45.0 21.7 30.6 22  79.6 184.0 1
39.9 21.0 29.4 30  93.8 192.7 1
43.0 19.3 30.0 22  70.0 171.5 1
43.1 22.2 29.5 29  72.4 173.0 1
43.6 20.2 32.6 22  85.9 176.0 1
42.0 21.3 32.0 22  78.8 176.0 1
43.8 20.0 32.0 20  77.8 180.5 1
42.3 18.0 30.9 22  66.2 172.7 1
42.7 21.8 32.8 24  86.4 176.0 1
44.8 18.3 31.5 26  81.8 173.5 1
46.0 20.2 31.1 24  89.6 178.0 1
45.4 20.2 32.3 21  82.8 180.3 1
40.5 19.2 28.8 24  76.4 180.3 1
39.4 17.6 27.7 23  63.2 164.5 1
40.2 18.1 26.5 19  60.9 173.0 1
44.2 19.4 30.0 23  74.8 183.5 1
41.0 22.9 28.0 25  70.0 175.5 1
44.0 19.2 31.0 23  72.4 188.0 1
41.6 23.6 27.0 23  84.1 189.2 1
41.0 20.8 27.9 23  69.1 172.8 1
41.5 17.7 26.7 20  59.5 170.0 1
41.1 19.0 31.5 22  67.2 182.0 1
38.8 18.5 25.5 24  61.3 170.0 1
36.2 18.7 28.0 22  68.6 177.8 1
42.1 18.2 28.0 24  80.1 184.2 1
40.3 23.7 31.5 21  87.8 186.7 1
41.7 21.6 28.0 23  84.7 171.4 1
37.8 18.5 27.3 24  73.4 172.7 1
39.2 19.4 29.9 35  72.1 175.3 1
41.5 19.4 30.6 29  82.6 180.3 1
42.5 20.6 30.2 25  88.7 182.9 1
39.4 20.4 27.3 23  84.1 188.0 1
43.6 21.6 33.1 20  94.1 177.2 1
38.9 19.7 26.8 25  74.9 172.1 1
37.6 18.0 26.4 29  59.1 167.0 1
39.4 20.2 28.7 23  75.6 169.5 1
38.5 20.6 30.8 23  86.2 174.0 1
40.1 19.2 31.3 36  75.3 172.7 1
40.3 20.9 31.7 25  87.1 182.2 1
37.6 17.3 25.6 24  55.2 164.1 1
38.3 17.0 26.4 20  57.0 163.0 1
39.7 19.1 27.1 52  61.4 171.5 1
42.2 22.5 30.4 50  76.8 184.2 1
41.1 23.2 32.6 46  86.8 174.0 1
40.5 19.6 29.8 51  72.2 174.0 1
41.5 20.8 26.9 28  71.6 177.0 1
43.4 20.3 32.1 48  84.8 186.0 1
43.5 19.1 30.9 35  68.2 167.0 1
41.3 17.5 27.6 23  66.1 171.8 1
40.3 18.4 26.2 23  72.0 182.0 1
36.3 20.0 29.0 62  64.6 167.0 1
39.9 18.3 31.4 21  74.8 177.8 1
39.8 19.7 28.7 26  70.0 164.5 1
43.5 23.9 34.3 33 101.6 192.0 1
41.2 19.5 28.0 36  63.2 175.5 1
44.0 22.5 29.7 41  79.1 171.2 1
41.8 21.6 31.5 40  78.9 181.6 1
42.9 18.9 29.6 27  67.7 167.4 1
38.7 18.3 29.8 27  66.0 181.1 1
41.4 18.6 31.3 23  68.2 177.0 1
39.6 19.2 28.9 31  63.9 174.5 1
40.5 19.4 28.8 26  72.0 177.5 1
34.1 21.8 25.8 23  56.8 170.5 1
43.5 20.6 29.0 24  74.5 182.4 1
44.1 23.6 30.9 24  90.9 197.1 1
42.2 22.4 34.5 34  93.0 180.1 1
42.2 21.2 29.7 21  80.9 175.5 1
43.0 20.6 29.5 25  72.7 180.6 1
39.8 19.3 29.2 34  68.0 184.4 1
37.7 20.2 28.8 31  70.9 175.5 1
39.6 20.2 29.5 40  72.5 180.6 1
43.2 19.7 30.6 21  72.5 177.0 1
44.3 21.2 31.8 33  83.4 177.1 1
43.3 19.4 31.6 25  75.5 181.6 1
42.8 19.2 31.8 29  73.0 176.5 1
41.5 19.1 29.4 27  70.2 175.0 1
42.0 19.7 29.4 44  73.4 174.0 1
41.2 20.1 31.0 26  70.5 165.1 1
43.8 18.2 29.5 22  68.9 177.0 1
46.2 25.0 33.1 37 102.3 192.0 1
40.4 19.8 27.6 38  68.4 176.5 1
40.8 17.8 29.4 20  65.9 169.4 1
43.9 22.3 31.0 21  75.7 182.1 1
44.2 21.6 32.9 24  84.5 179.8 1
41.6 24.2 31.0 45  87.7 175.3 1
38.1 21.6 31.3 25  86.4 184.9 1
42.0 18.1 28.4 22  73.2 177.3 1
37.0 18.2 25.0 29  53.9 167.4 1
41.6 18.1 29.5 37  72.0 178.1 1
40.1 17.1 26.8 20  55.5 168.9 1
38.7 19.1 25.6 20  58.4 157.2 1
37.4 22.3 30.8 32  83.2 180.3 1
41.7 19.4 29.7 23  72.7 170.2 1
38.0 18.2 25.9 25  64.1 177.8 1
40.5 19.0 30.2 27  72.3 172.7 1
35.6 17.7 25.2 21  65.0 165.1 1
43.6 21.8 33.1 27  86.4 186.7 1
37.6 17.7 24.7 25  65.0 165.1 1
41.1 22.8 34.0 38  88.6 174.0 1
42.1 22.1 30.6 44  84.1 175.3 1
40.5 19.4 27.8 27  66.8 185.4 1
40.9 21.1 29.7 37  75.5 177.8 1
43.0 23.3 35.3 28  93.2 180.3 1
40.5 21.8 30.6 33  82.7 180.3 1
41.9 14.4 26.8 25  58.0 177.8 1
42.1 20.2 30.6 21  79.5 177.8 1
43.8 18.7 30.4 30  78.6 177.8 1
42.1 19.4 28.0 26  71.8 177.8 1
43.4 23.5 35.6 27 116.4 177.8 1
38.7 21.4 27.8 33  72.2 163.8 1
39.6 18.2 28.3 29  83.6 188.0 1
43.4 21.6 28.3 27  85.5 198.1 1
40.5 22.1 32.6 34  90.9 175.3 1
40.3 21.1 34.0 42  85.9 166.4 1
44.2 22.1 32.4 29  89.1 190.5 1
41.3 21.4 31.1 41  75.0 166.4 1
39.8 23.5 32.0 43  77.7 177.8 1
41.3 25.2 30.8 43  86.4 179.7 1
38.9 22.5 33.3 29  90.9 172.7 1
41.1 23.3 25.2 27  73.6 190.5 1
41.5 21.1 28.0 62  76.4 185.4 1
38.5 19.7 26.4 33  69.1 168.9 1
39.4 23.0 30.4 45  84.5 167.6 1
40.9 20.2 28.0 30  64.5 175.3 1
41.1 21.8 30.6 20  69.1 170.2 1
43.6 27.5 33.5 22 108.6 190.5 1
39.8 22.5 28.3 51  86.4 177.8 1
42.1 20.2 28.7 34  80.9 190.5 1
41.1 24.9 29.4 44  87.7 177.8 1
44.2 21.6 31.5 46  94.5 184.2 1
38.9 20.4 29.0 34  80.2 176.5 1
40.1 18.0 29.4 32  72.0 177.8 1
38.7 18.0 27.8 28  71.4 180.3 1
35.6 19.2 29.4 31  72.7 171.4 1
40.5 21.4 32.4 29  84.1 172.7 1
41.1 21.6 28.7 42  76.8 172.7 1
38.7 18.2 24.9 29  63.6 177.8 1
38.9 20.4 28.7 31  80.9 177.8 1
39.4 22.3 31.5 30  80.9 182.9 1
37.6 20.2 31.3 27  85.5 170.2 1
39.8 19.4 29.2 25  68.6 167.6 1
40.3 20.4 29.0 24  67.7 175.3 1
40.3 18.7 28.5 33  66.4 165.1 1
43.8 24.0 33.3 45 102.3 185.4 1
41.1 18.0 26.8 37  70.5 181.6 1
41.7 24.9 32.0 44  95.9 172.7 1
45.4 20.9 29.7 34  84.1 190.5 1
43.0 22.1 32.2 55  87.3 179.1 1
41.1 19.2 29.9 43  71.8 175.3 1
41.1 19.7 29.9 24  65.9 170.2 1
45.2 22.5 33.5 22  95.9 193.0 1
39.8 23.5 30.2 38  91.4 171.4 1
39.6 20.2 32.9 24  81.8 177.8 1
42.3 25.4 32.2 29  96.8 177.8 1
40.9 20.2 29.2 25  69.1 167.6 1
39.8 23.3 31.5 37  82.7 167.6 1
42.3 17.3 29.4 30  75.5 180.3 1
42.3 25.4 28.7 26  79.5 182.9 1
40.5 22.1 29.2 35  73.6 176.5 1
42.7 23.7 30.8 29  91.8 186.7 1
43.6 20.4 29.7 30  84.1 188.0 1
42.5 19.4 32.0 37  85.9 188.0 1
41.3 22.5 28.3 34  81.8 177.8 1
41.3 22.5 30.2 28  82.5 174.0 1
42.3 23.3 28.7 27  80.5 177.8 1
36.9 19.9 27.3 32  70.0 171.4 1
40.3 19.2 32.0 28  81.8 185.4 1
40.1 21.4 32.6 22  84.1 185.4 1
43.2 23.0 32.6 44  90.5 188.0 1
45.0 25.4 30.8 25  91.4 188.0 1
42.1 23.5 31.3 49  89.1 182.9 1
40.9 23.7 30.2 54  85.0 176.5 1
41.3 20.2 28.3 49  69.1 175.3 1
42.1 24.9 30.8 60  73.6 175.3 1
45.2 19.9 32.0 42  80.5 188.0 1
42.1 22.1 31.3 52  82.7 188.0 1
41.2 22.4 29.8 23  86.4 175.3 1
41.7 19.2 29.7 33  67.7 170.5 1
43.0 24.7 31.5 46  92.7 179.1 1
41.7 23.5 32.9 43  93.6 177.8 1
38.0 22.8 27.3 56  70.9 175.3 1
41.9 19.0 28.7 21  75.0 182.9 1
40.7 19.4 31.7 18  93.2 170.8 1
41.3 22.8 32.0 21  93.2 188.0 1
40.9 21.6 30.6 45  77.7 180.3 1
41.7 19.7 27.8 22  61.4 177.8 1
41.3 26.4 30.2 55  94.1 185.4 1
41.1 21.1 30.6 42  75.0 168.9 1
43.4 19.9 31.3 29  83.6 185.4 1
40.7 21.1 29.4 40  85.5 180.3 1
42.5 20.9 30.4 24  73.9 174.0 1
40.3 18.2 29.2 62  66.8 167.6 1
39.8 22.3 29.7 26  87.3 182.9 1
39.8 19.7 30.2 35  72.3 160.0 1
40.5 21.4 32.9 37  88.6 180.3 1
41.1 20.2 31.1 34  75.5 167.6 1
42.5 23.5 34.7 25 101.4 186.7 1
42.5 19.9 34.0 30  91.1 175.3 1
38.5 18.0 29.9 32  67.3 175.3 1
43.8 19.9 28.3 27  77.7 175.9 1
41.5 21.4 32.4 42  81.8 175.3 1
40.3 20.6 29.9 44  75.5 179.1 1
40.3 20.6 29.2 46  84.5 181.6 1
42.1 20.2 30.6 19  76.6 177.8 1
42.1 20.6 31.1 43  85.0 182.9 1
38.9 24.2 33.5 28 102.5 177.8 1
44.4 20.6 32.0 39  77.3 184.2 1
40.9 18.7 29.0 30  71.8 179.1 1
42.1 25.2 29.4 36  87.9 176.5 1
43.0 25.2 31.5 48  94.3 188.0 1
38.0 20.6 28.0 48  70.9 174.0 1
37.1 17.7 27.8 53  64.5 167.6 1
41.1 21.6 30.8 45  77.3 170.2 1
40.9 19.7 29.9 39  72.3 167.6 1
38.9 21.6 29.7 43  87.3 188.0 1
40.9 23.7 28.5 65  80.0 174.0 1
39.2 23.7 30.8 45  82.3 176.5 1
41.7 19.9 29.9 37  73.6 180.3 1
39.4 24.0 31.1 55  74.1 167.6 1
40.1 21.8 30.2 33  85.9 188.0 1
38.9 21.1 29.0 25  73.2 180.3 1
38.9 21.6 27.8 35  76.3 167.6 1
41.7 20.2 28.3 28  65.9 183.0 1
43.2 22.1 32.9 26  90.9 183.0 1
40.5 23.7 31.1 43  89.1 179.1 1
39.2 19.7 29.0 30  62.3 170.2 1
40.9 20.6 30.2 26  82.7 177.8 1
41.7 21.8 29.7 51  79.1 179.1 1
43.8 25.4 32.0 30  98.2 190.5 1
41.9 26.4 29.9 24  84.1 177.8 1
43.0 21.4 31.5 35  83.2 180.3 1
41.5 19.7 29.4 37  83.2 180.3 1
37.6 16.2 24.9 22  51.6 161.2 0
36.7 16.8 24.5 20  59.0 167.5 0
34.8 16.4 24.2 19  49.2 159.5 0
36.6 19.3 24.9 25  63.0 157.0 0
35.5 18.2 26.2 21  53.6 155.8 0
37.0 15.1 25.7 23  59.0 170.0 0
35.5 15.4 24.5 26  47.6 159.1 0
37.4 18.8 26.6 22  69.8 166.0 0
37.8 18.6 25.0 28  66.8 176.2 0
38.6 19.7 29.4 40  75.2 160.2 0
37.6 15.5 24.3 32  55.2 172.5 0
36.0 15.4 25.5 25  54.2 170.9 0
39.5 17.3 27.3 25  62.5 172.9 0
34.0 16.9 22.6 29  42.0 153.4 0
35.0 18.3 23.7 22  50.0 160.0 0
35.6 16.2 25.7 25  49.8 147.2 0
36.2 14.6 23.9 23  49.2 168.2 0
39.0 19.6 26.7 37  73.2 175.0 0
32.6 15.3 22.6 19  47.8 157.0 0
37.6 19.1 28.8 23  68.8 167.6 0
36.3 15.4 24.0 25  50.6 159.5 0
38.0 21.3 28.7 26  82.5 175.0 0
37.0 15.1 26.8 24  57.2 166.8 0
42.6 19.9 30.4 29  87.8 176.5 0
37.5 19.6 27.5 22  72.8 170.2 0
36.1 15.8 25.0 30  54.5 174.0 0
39.1 17.2 25.6 23  59.8 173.0 0
39.6 18.0 27.2 38  67.3 179.9 0
40.5 17.4 27.5 23  67.8 170.5 0
35.0 16.1 22.3 19  47.0 160.0 0
34.5 18.6 23.5 46  46.2 154.4 0
35.6 15.6 23.9 20  55.0 162.0 0
39.1 20.1 29.5 22  83.0 176.5 0
36.6 14.3 26.0 25  54.4 160.0 0
34.8 16.0 22.9 21  45.8 152.0 0
36.7 16.7 27.5 23  53.6 162.1 0
39.7 19.0 24.9 31  73.2 170.0 0
35.5 15.0 26.0 29  52.1 160.2 0
36.0 17.3 25.9 19  67.9 161.3 0
35.8 17.3 24.9 21  56.6 166.4 0
37.6 18.0 25.6 23  62.3 168.9 0
37.6 19.0 25.2 24  58.5 163.8 0
34.9 15.6 24.2 20  54.5 167.6 0
33.3 17.3 23.3 19  50.2 160.0 0
36.2 16.0 24.2 20  60.3 161.3 0
33.3 14.8 25.9 19  58.3 167.6 0
36.0 16.5 24.2 20  56.2 165.1 0
34.0 17.0 24.0 19  50.2 160.0 0
36.2 19.2 27.1 22  72.9 170.0 0
34.9 19.0 24.9 39  59.8 157.5 0
37.4 16.3 25.6 18  61.0 167.6 0
33.8 18.7 25.4 19  69.1 160.7 0
34.0 19.0 24.2 26  55.9 163.2 0
34.4 16.5 24.4 20  46.5 152.4 0
34.7 16.5 24.2 20  54.3 157.5 0
35.6 15.1 26.6 26  54.8 168.3 0
33.8 17.3 25.4 21  60.7 180.3 0
37.8 16.5 27.1 21  60.0 165.5 0
38.3 18.7 26.4 38  62.0 165.0 0
40.3 16.5 26.4 23  60.3 164.5 0
38.9 15.6 26.8 37  52.7 156.0 0
39.4 18.0 28.3 19  74.3 160.0 0
35.0 19.3 25.0 25  62.0 163.0 0
40.7 17.7 28.5 20  73.1 165.7 0
39.6 21.4 26.8 41  80.0 161.0 0
36.9 17.0 25.6 26  54.7 162.0 0
35.6 15.5 26.0 21  53.2 166.0 0
38.2 19.4 26.7 47  75.7 174.0 0
36.9 15.6 27.0 19  61.1 172.7 0
36.9 16.1 25.2 44  55.7 167.6 0
34.8 14.9 25.2 35  48.7 151.1 0
36.6 17.7 24.1 32  52.3 164.5 0
36.9 18.2 25.7 46  50.0 163.5 0
36.9 16.6 26.0 22  59.3 152.0 0
36.9 17.5 26.2 49  62.5 169.0 0
36.0 17.5 24.1 52  55.7 164.0 0
36.2 16.8 27.7 25  54.8 161.2 0
35.1 17.1 25.2 48  45.9 155.0 0
38.8 17.2 31.6 41  70.6 170.0 0
36.4 17.3 25.8 18  67.2 176.2 0
38.6 15.3 29.0 30  69.4 170.0 0
36.5 15.9 26.8 20  58.2 162.5 0
37.5 18.9 26.5 24  64.8 170.3 0
39.9 17.6 31.9 23  71.6 164.1 0
34.4 18.8 25.2 30  52.8 169.5 0
38.7 16.4 27.6 23  59.8 163.2 0
32.6 15.8 25.0 45  49.0 154.5 0
34.5 18.0 24.2 20  50.0 159.8 0
36.7 17.5 25.6 20  69.2 173.2 0
36.5 16.6 24.4 23  55.9 170.0 0
34.2 20.4 25.6 21  63.4 161.4 0
37.8 17.3 25.4 28  58.2 169.0 0
35.7 16.0 27.2 45  58.6 166.2 0
33.9 15.8 26.0 24  45.7 159.4 0
35.2 17.9 23.6 25  52.2 162.5 0
37.1 16.2 25.8 19  48.6 159.0 0
37.7 17.8 25.2 20  57.8 162.8 0
37.8 17.9 24.9 29  55.6 159.0 0
39.3 21.4 29.5 24  66.8 179.8 0
37.2 18.1 27.3 24  59.4 162.9 0
36.1 16.2 24.0 25  53.6 161.0 0
35.2 20.0 26.6 31  73.2 151.1 0
35.8 16.4 25.6 22  53.4 168.2 0
35.0 17.9 27.0 20  69.0 168.9 0
37.8 17.3 25.8 32  58.4 173.2 0
35.7 16.5 26.2 25  56.2 171.8 0
39.5 19.2 25.4 19  70.6 178.0 0
38.8 19.0 25.9 23  59.8 164.3 0
37.9 18.6 27.0 22  72.0 163.0 0
37.7 16.6 29.3 20  65.2 168.5 0
38.2 16.9 24.8 27  56.6 166.8 0
40.0 21.3 33.2 34 105.2 172.7 0
35.7 17.4 23.3 25  51.8 163.5 0
35.7 14.7 29.1 26  63.4 169.4 0
36.0 18.6 25.0 19  59.0 167.8 0
35.0 15.4 23.4 26  47.6 159.5 0
37.0 16.6 25.4 25  63.0 167.6 0
36.7 17.2 28.3 20  55.2 161.2 0
32.8 16.1 23.6 21  45.0 160.0 0
34.8 17.3 26.8 18  54.0 163.2 0
35.0 15.4 23.6 19  50.2 162.2 0
38.7 16.5 27.5 27  60.2 161.3 0
32.8 17.2 22.2 26  44.8 149.5 0
36.7 17.0 27.6 36  58.8 157.5 0
38.8 17.4 28.2 20  56.4 163.2 0
36.4 16.5 26.7 28  62.0 172.7 0
34.0 16.5 24.4 32  49.2 155.0 0
38.2 20.4 29.2 32  67.2 156.5 0
35.1 16.2 26.8 23  53.8 164.0 0
36.0 15.4 26.9 20  54.4 160.9 0
35.9 18.1 26.1 20  58.0 162.8 0
35.0 19.5 24.9 20  59.8 167.0 0
35.2 15.1 26.0 23  54.8 160.0 0
34.9 14.6 23.5 20  43.2 160.0 0
36.0 18.8 27.4 28  60.5 168.9 0
36.4 17.0 25.0 23  46.4 158.2 0
35.5 20.6 24.9 19  64.4 156.0 0
34.1 16.1 24.6 28  48.8 160.0 0
37.1 17.1 28.1 19  62.2 167.1 0
35.2 17.3 25.5 29  55.5 158.0 0
37.5 17.6 26.5 32  57.8 167.6 0
36.3 16.6 27.7 20  54.6 156.0 0
37.2 18.8 25.0 28  59.2 162.1 0
37.6 17.4 25.7 36  52.7 173.4 0
33.6 18.2 24.7 22  53.2 159.8 0
34.5 18.3 23.6 20  64.5 170.5 0
36.0 18.5 24.6 22  51.8 159.2 0
35.4 17.8 25.0 32  56.0 157.5 0
35.8 19.2 24.9 40  63.6 161.3 0
38.3 18.7 28.3 40  63.2 162.6 0
33.8 17.7 23.5 42  59.5 160.0 0
36.9 16.8 26.6 40  56.8 168.9 0
34.9 18.0 26.1 44  64.1 165.1 0
35.1 18.2 27.3 30  50.0 162.6 0
37.4 21.6 28.3 28  72.3 165.1 0
36.9 16.3 26.6 37  55.0 166.4 0
36.0 16.3 26.4 40  55.9 160.0 0
32.9 18.5 25.2 45  60.4 152.4 0
38.3 19.2 28.5 35  69.1 170.2 0
37.6 24.7 32.2 41  84.5 162.6 0
36.7 17.3 27.3 27  55.9 170.2 0
38.9 17.3 24.2 20  55.5 158.8 0
37.8 16.8 28.3 24  69.5 172.7 0
38.0 22.3 25.2 36  76.4 167.6 0
38.7 18.7 26.8 27  61.4 162.6 0
37.1 17.3 26.6 32  65.9 167.6 0
35.8 20.6 27.5 64  58.6 156.2 0
38.5 18.2 27.3 21  66.8 175.2 0
38.5 15.8 27.3 32  56.6 172.1 0
36.0 18.7 27.8 35  58.6 162.6 0
34.0 19.2 27.5 41  55.9 160.0 0
38.3 18.2 26.4 40  59.1 165.1 0
38.7 20.9 30.2 29  81.8 182.9 0
36.9 20.9 30.2 40  70.7 166.4 0
35.8 18.5 24.7 24  56.8 165.1 0
36.7 19.7 25.6 23  60.0 177.8 0
36.7 19.4 27.5 41  58.2 165.1 0
37.6 17.0 25.4 44  72.7 175.3 0
35.1 18.5 25.9 53  54.1 154.9 0
35.3 15.3 24.7 19  49.1 158.8 0
38.5 22.3 26.6 24  75.9 172.7 0
37.8 15.8 27.5 25  55.0 168.9 0
35.1 16.8 24.9 20  57.3 161.3 0
32.4 15.3 25.6 34  55.0 167.6 0
39.2 17.7 29.7 32  65.5 165.1 0
38.3 17.0 26.8 24  65.5 175.3 0
32.9 19.0 23.0 29  48.6 157.5 0
38.0 17.7 26.1 31  58.6 163.8 0
37.8 16.8 26.6 34  63.6 167.6 0
34.2 18.0 25.9 36  55.2 165.1 0
37.6 20.2 27.3 32  62.7 165.1 0
35.3 17.3 25.4 39  56.6 168.9 0
34.9 17.7 25.4 37  53.9 162.6 0
37.4 19.7 25.9 52  63.2 164.5 0
36.2 21.1 26.8 24  73.6 176.5 0
38.9 16.3 25.9 33  62.0 168.9 0
36.0 18.2 24.7 42  63.6 175.3 0
33.3 18.0 25.6 34  53.2 159.4 0
37.4 19.9 27.1 37  53.4 160.0 0
34.7 17.7 24.9 39  55.0 170.2 0
38.7 16.3 28.5 41  70.5 162.6 0
36.2 16.3 25.4 36  54.5 167.6 0
37.6 19.9 25.9 19  54.5 162.6 0
34.9 16.5 25.6 22  55.9 160.7 0
34.7 17.7 25.2 23  59.0 160.0 0
34.0 17.3 28.7 36  63.6 157.5 0
37.8 18.0 27.1 45  54.5 162.6 0
35.1 16.3 26.8 25  47.3 152.4 0
39.2 18.5 26.4 67  67.7 170.2 0
35.1 18.0 28.5 26  80.9 165.1 0
37.1 18.0 26.1 21  70.5 172.7 0
35.8 17.0 26.6 33  60.9 165.1 0
35.3 18.5 23.3 25  63.6 170.2 0
37.6 16.5 24.0 24  54.5 170.2 0
35.8 18.0 24.2 21  59.1 170.2 0
36.0 17.5 27.8 35  70.5 161.3 0
35.6 14.4 23.7 27  52.7 167.6 0
37.1 20.6 26.4 27  62.7 167.6 0
35.6 21.8 26.8 26  86.3 165.1 0
35.1 17.7 27.3 25  66.4 162.6 0
35.8 23.3 25.6 44  67.3 152.4 0
37.4 16.5 25.9 29  63.0 168.9 0
38.9 19.2 27.5 26  73.6 170.2 0
37.4 17.7 23.5 23  62.3 175.2 0
37.6 16.8 25.4 32  57.7 175.2 0
35.1 17.0 24.4 32  55.4 160.0 0
38.0 20.6 28.3 43 104.1 165.1 0
36.7 18.5 24.2 32  55.5 174.0 0
35.6 18.2 24.9 41  77.3 170.2 0
35.6 26.8 27.1 33  80.5 160.0 0
35.6 17.5 27.3 28  64.5 167.6 0
37.8 20.6 28.5 28  72.3 167.6 0
40.9 18.2 27.3 25  61.4 167.6 0
34.0 20.2 24.2 38  58.2 154.9 0
34.9 20.9 31.5 37  81.8 162.6 0
35.8 17.5 25.2 25  63.6 175.3 0
36.5 18.5 24.5 37  53.4 171.4 0
32.9 16.3 24.4 27  54.5 157.5 0
36.9 15.6 27.8 27  53.6 165.1 0
35.8 18.0 25.9 20  60.0 160.0 0
39.4 21.6 29.7 19  73.6 174.0 0
36.5 17.7 26.4 32  61.4 162.6 0
35.8 18.2 23.5 26  55.5 174.0 0
34.4 17.5 24.7 56  63.6 162.6 0
36.5 16.0 24.9 23  60.9 161.3 0
38.5 17.0 25.6 19  60.0 156.2 0
35.3 15.1 24.9 31  46.8 149.9 0
36.2 16.0 23.7 34  57.3 169.5 0
34.9 16.8 26.8 34  64.1 160.0 0
38.7 15.8 26.4 24  63.6 175.3 0
37.6 19.2 27.1 22  67.3 169.5 0
34.7 17.7 25.4 34  75.5 160.0 0
37.8 18.5 26.6 30  68.2 172.7 0
39.8 19.4 29.0 32  61.4 162.6 0
36.5 20.2 28.5 40  76.8 157.5 0
38.0 17.0 27.1 29  71.8 176.5 0
35.3 17.7 25.6 21  55.5 164.4 0
34.7 17.3 24.2 33  48.6 160.7 0
38.5 15.3 25.6 33  66.4 174.0 0
