507
174
175
193
186
187
181
184
184
175
184
180
177
192
176
174
184
192
171
173
176
176
180
172
176
173
178
180
180
164
173
183
175
188
189
172
170
182
170
177
184
186
171
172
175
180
182
188
177
172
167
169
174
172
182
164
163
171
184
174
174
177
186
167
171
182
167
177
164
192
175
171
181
167
181
177
174
177
170
182
197
180
175
180
184
175
180
177
177
181
176
175
174
165
177
192
176
169
182
179
175
184
177
167
178
168
157
180
170
177
172
165
186
165
174
175
185
177
180
180
177
177
177
177
177
163
188
198
175
166
190
166
177
179
172
190
185
168
167
175
170
190
177
190
177
184
176
177
180
171
172
172
177
177
182
170
167
175
165
185
181
172
190
179
175
170
193
171
177
177
167
167
180
182
176
186
188
188
177
174
177
171
185
185
188
188
182
176
175
175
188
188
175
170
179
177
175
182
170
188
180
177
185
168
185
180
174
167
182
160
180
167
186
175
175
175
175
179
181
177
182
177
184
179
176
188
174
167
170
167
188
174
176
180
167
188
180
167
183
183
179
170
177
179
190
177
180
180
161
167
159
157
155
170
159
166
176
160
172
170
172
153
160
147
168
175
157
167
159
175
166
176
170
174
173
179
170
160
154
162
176
160
152
162
170
160
161
166
168
163
167
160
161
167
165
160
170
157
167
160
163
152
157
168
180
165
165
164
156
160
163
165
161
162
166
174
172
167
151
164
163
152
169
164
161
155
170
176
170
162
170
164
169
163
154
159
173
170
161
169
166
159
162
159
162
159
179
162
161
151
168
168
173
171
178
164
163
168
166
172
163
169
167
159
167
161
160
163
162
161
149
157
163
172
155
156
164
160
162
167
160
160
168
158
156
160
167
158
167
156
162
173
159
170
159
157
161
162
160
168
165
162
165
166
160
152
170
162
170
158
172
167
162
167
156
175
172
162
160
165
182
166
165
177
165
175
154
158
172
168
161
167
165
175
157
163
167
165
165
168
162
164
176
168
175
159
160
170
162
167
162
160
160
157
162
152
170
165
172
165
170
170
170
161
167
167
165
162
152
168
170
175
175
160
165
174
170
160
167
167
167
154
162
175
171
157
165
160
174
162
174
162
161
156
149
169
160
175
169
160
172
162
157
176
164
160
174
163
