1000
840
870
794
974
757
978
940
798
855
750
954
785
756
777
851
924
781
944
821
937
850
793
859
863
831
914
823
897
950
784
883
952
951
917
858
969
927
913
862
896
826
880
860
901
842
845
933
813
963
886
928
847
976
791
902
957
875
920
935
879
892
849
795
774
958
822
956
811
827
868
970
890
763
752
911
748
939
766
865
843
807
909
966
806
773
803
825
749
769
876
903
925
767
893
802
889
871
799
753
814
758
770
961
839
760
943
804
894
759
949
955
965
835
819
867
852
838
888
945
962
878
891
910
922
929
824
848
873
765
817
856
854
796
800
975
877
964
915
828
953
946
874
801
797
926
907
919
918
864
959
882
921
972
844
834
810
836
841
751
829
837
968
768
808
754
789
916
782
960
771
833
762
832
930
818
761
904
816
787
866
936
783
900
881
931
908
942
971
775
977
906
776
861
948
872
912
923
815
764
932
790
941
884
973
905
857
938
779
899
947
820
778
895
853
830
967
780
755
772
812
788
934
869
885
792
786
898
805
887
809
846
1
3
2
5
4
7
6
9
8
11
10
13
12
15
14
17
16
19
18
21
20
23
22
25
24
27
26
29
28
31
30
33
32
35
34
37
36
39
38
41
40
43
42
45
44
47
46
49
48
51
50
53
52
55
54
57
56
59
58
61
60
63
62
65
64
67
66
69
68
71
70
73
72
75
74
77
76
79
78
81
80
83
82
85
84
87
86
89
88
91
90
93
92
95
94
97
96
99
98
101
100
103
102
105
104
107
106
109
108
111
110
113
112
115
114
117
116
119
118
121
120
123
122
125
124
127
126
129
128
131
130
133
132
135
134
137
136
139
138
141
140
143
142
145
144
147
146
149
148
151
150
153
152
155
154
157
156
159
158
161
160
163
162
165
164
167
166
169
168
171
170
173
172
175
174
177
176
179
178
181
180
183
182
185
184
187
186
189
188
191
190
193
192
195
194
197
196
199
198
201
200
203
202
205
204
207
206
209
208
211
210
213
212
215
214
217
216
219
218
221
220
223
222
225
224
227
226
229
228
231
230
233
232
235
234
237
236
239
238
241
240
243
242
245
244
247
246
249
248
251
250
253
252
255
254
257
256
259
258
261
260
263
262
265
264
267
266
269
268
271
270
273
272
275
274
277
276
279
278
281
280
283
282
285
284
287
286
289
288
291
290
293
292
295
294
297
296
299
298
301
300
303
302
305
304
307
306
309
308
311
310
313
312
315
314
317
316
319
318
321
320
323
322
325
324
327
326
329
328
331
330
333
332
335
334
337
336
339
338
341
340
343
342
345
344
347
346
349
348
351
350
353
352
355
354
357
356
359
358
361
360
363
362
365
364
367
366
369
368
371
370
373
372
375
374
377
376
379
378
381
380
383
382
385
384
387
386
389
388
391
390
393
392
395
394
397
396
399
398
401
400
403
402
405
404
407
406
409
408
411
410
413
412
415
414
417
416
419
418
421
420
423
422
425
424
427
426
429
428
431
430
433
432
435
434
437
436
439
438
441
440
443
442
445
444
447
446
449
448
451
450
453
452
455
454
457
456
459
458
461
460
463
462
465
464
467
466
469
468
471
470
473
472
475
474
477
476
479
478
481
480
483
482
485
484
487
486
489
488
491
490
493
492
495
494
497
496
499
498
501
500
503
502
505
504
507
506
509
508
511
510
513
512
515
514
517
516
519
518
521
520
523
522
525
524
527
526
529
528
531
530
533
532
535
534
537
536
539
538
541
540
543
542
545
544
547
546
549
548
551
550
553
552
555
554
557
556
559
558
561
560
563
562
565
564
567
566
569
568
571
570
573
572
575
574
577
576
579
578
581
580
583
582
585
584
587
586
589
588
591
590
593
592
595
594
597
596
599
598
601
600
603
602
605
604
607
606
609
608
611
610
613
612
615
614
617
616
619
618
621
620
623
622
625
624
627
626
629
628
631
630
633
632
635
634
637
636
639
638
641
640
643
642
645
644
647
646
649
648
651
650
653
652
655
654
657
656
659
658
661
660
663
662
665
664
667
666
669
668
671
670
673
672
675
674
677
676
679
678
681
680
683
682
685
684
687
686
689
688
691
690
693
692
695
694
697
696
699
698
701
700
703
702
705
704
707
706
709
708
711
710
713
712
715
714
717
716
719
718
721
720
723
722
725
724
727
726
729
728
731
730
733
732
735
734
737
736
739
738
741
740
743
742
745
744
747
746
996
1000
990
986
983
979
982
993
984
989
985
981
988
980
997
995
987
999
992
991
998
994
