241
0
71
3
75
17
10
91
78
30
35
70
30
88
31
24
38
35
81
44
74
94
79
100
34
55
83
84
56
34
28
15
24
27
63
33
61
78
21
57
1
35
28
6
58
48
1
89
42
51
59
6
72
11
71
14
3
20
89
87
51
93
23
97
53
27
16
62
28
38
49
41
35
70
99
11
75
76
60
55
36
23
94
95
27
85
84
19
64
36
30
76
85
86
18
61
58
64
72
38
72
57
34
12
47
95
79
96
99
69
16
54
47
77
94
53
45
48
63
59
60
56
100
96
63
33
64
20
21
74
55
94
79
66
5
40
39
3
61
12
30
71
14
55
94
55
87
23
77
89
83
94
15
79
84
28
100
58
86
74
35
2
75
65
16
37
11
43
78
17
91
34
15
55
89
26
2
61
94
51
12
95
64
90
58
7
41
86
5
44
13
51
65
58
75
17
6
71
29
67
2
20
51
13
18
10
52
75
32
4
70
31
28
23
78
56
91
9
4
58
69
21
37
48
71
95
85
37
54
83
56
82
97
4
6
5
18
50
18
49
18
0