D
8
35
97
17
9 34
25 31
18 14
21 31
29 5
4 9
1 34
20 22
31 9
12 31
13 22
23 14
7 31
11 18
8 21
3 11
30 0
18 2
17 33
32 22
13 11
3 17
13 1
3 26
1 6
5 27
12 27
26 19
30 24
15 28
9 30
18 15
16 21
0 10
11 28
29 19
2 8
19 28
0 11
15 14
1 24
12 18
30 28
28 17
15 19
12 9
8 27
21 14
25 13
34 18
14 30
19 18
9 22
3 28
31 28
8 1
11 19
16 8
16 5
4 34
5 12
12 14
7 15
7 9
11 6
32 31
20 29
10 18
29 6
6 18
9 13
34 3
0 7
22 8
3 31
17 22
32 21
34 13
0 13
34 21
21 2
18 3
1 33
5 25
1 9
7 2
5 1
13 4
4 16
4 14
0 5
23 31
26 11
23 6
16 11
25 34
2 28
10
22
3
6
18
15
29
20
34
14
24
30
1
13
33
26
23
25
72
12
23 3
5 6
21 3
24 22
8 20
24 12
20 1
0 1
3 6
6 1
10 3
11 17
19 1
9 20
7 10
6 17
3 14
15 19
14 13
22 13
5 4
8 2
16 7
10 18
7 12
13 3
11 23
21 4
18 24
8 21
8 17
17 24
17 16
11 19
9 8
18 7
16 15
22 10
5 11
16 11
8 3
19 12
9 5
21 7
18 15
2 19
14 5
10 11
2 21
19 6
15 3
14 20
10 19
15 6
23 4
24 13
5 2
7 15
24 5
22 16
10 23
4 12
24 11
21 16
9 16
0 7
9 13
7 6
14 4
2 6
5 19
8 4
18
11
13
19
1
22
14
23
0
4
20
12
32
81
16
21 1
4 18
24 7
3 5
12 1
22 9
7 26
14 29
28 10
15 0
28 13
26 6
29 21
9 11
26 28
25 7
27 28
15 2
22 2
21 9
4 2
27 2
29 20
8 16
3 16
12 19
16 25
3 30
30 23
30 31
25 17
31 5
24 30
14 2
26 2
12 28
19 8
12 13
13 16
20 18
7 13
29 17
26 1
21 17
27 13
8 15
8 3
12 16
26 17
14 11
4 28
24 11
12 9
0 6
10 31
20 4
26 27
28 24
23 21
27 23
15 19
15 17
27 25
29 10
5 28
19 9
22 7
20 30
31 11
17 11
17 20
27 4
23 31
29 15
7 2
31 4
31 29
18 25
19 10
3 11
6 17
15
4
7
9
16
2
13
8
31
18
5
20
1
17
19
27
56
212
28
42 18
25 31
36 53
10 37
23 36
4 51
36 20
34 14
7 50
4 52
5 25
16 39
31 34
9 17
43 8
26 22
27 34
36 34
13 17
45 3
27 50
10 23
36 46
45 1
51 0
50 32
38 15
55 24
42 13
50 45
12 23
48 13
43 46
26 6
42 0
7 51
24 36
17 19
30 54
2 30
38 42
45 21
47 30
55 54
54 29
40 18
14 26
5 35
41 13
39 27
19 44
33 41
11 7
27 28
52 49
22 48
22 28
41 16
48 43
25 13
38 26
34 38
11 34
10 45
2 5
36 4
32 55
4 23
46 13
1 9
28 17
33 26
35 25
51 39
25 10
18 22
45 12
45 6
13 8
29 14
33 43
29 40
39 23
51 8
20 11
27 18
30 32
53 7
46 39
6 42
40 55
25 21
29 16
24 32
19 38
27 14
35 16
24 0
36 25
3 54
30 23
32 34
41 42
7 32
7 39
15 46
7 2
43 16
1 27
5 53
39 38
45 53
34 22
14 13
25 43
18 21
31 35
19 47
9 26
4 34
54 32
39 17
39 50
16 54
24 51
1 26
24 13
55 17
6 49
36 0
49 4
12 47
49 30
29 26
48 14
32 40
16 46
34 9
6 48
0 7
3 24
34 13
26 45
42 47
13 4
21 6
36 10
26 11
26 21
2 52
26 18
43 24
3 26
42 17
44 9
22 38
3 21
28 47
12 24
11 23
3 44
27 10
13 39
46 30
33 18
14 45
13 23
38 53
3 13
15 50
0 6
46 2
25 24
1 46
36 48
25 29
37 22
48 39
1 28
4 10
32 49
1 51
6 27
41 28
54 37
10 28
6 11
41 51
18 13
46 0
35 4
32 17
8 28
5 4
54 35
51 28
39 47
22 12
23 53
48 55
23 29
23 15
26 10
20 0
12 16
9 50
7 14
43 50
43 9
45 47
4 21
21 30
34
24
25
26
5
41
14
33
49
46
22
35
20
15
39
55
40
36
37
13
23
44
47
27
29
7
30
48
71
233
35
34 20
39 54
3 39
25 11
64 21
56 66
16 48
32 1
43 42
0 7
14 66
66 40
1 24
14 45
32 6
53 61
26 8
9 47
11 33
16 21
27 3
10 33
0 51
3 6
22 41
62 57
34 3
55 47
33 59
36 23
45 60
21 11
52 21
28 44
20 22
4 10
26 45
6 9
1 37
34 44
23 70
45 2
40 28
39 42
2 21
62 65
36 42
38 5
22 62
60 50
52 7
27 13
44 30
40 35
47 15
67 45
23 63
69 2
5 11
65 46
25 19
69 29
62 53
68 55
36 17
58 27
18 4
49 54
31 15
12 69
29 24
21 31
25 62
56 35
8 52
68 48
9 12
41 40
31 7
54 64
44 64
30 36
46 51
6 63
64 56
0 36
30 34
9 18
3 59
18 54
41 5
13 58
32 16
50 43
39 2
39 6
5 28
25 37
3 11
18 0
27 60
55 31
64 49
59 42
12 56
54 25
63 0
70 5
62 6
54 36
56 44
61 22
68 67
28 8
34 12
41 66
66 16
68 54
21 61
37 59
47 1
33 40
45 32
59 1
68 12
49 21
64 6
30 3
12 26
61 38
19 68
44 23
36 11
62 1
52 62
45 5
5 35
68 45
45 49
46 29
68 21
20 39
12 52
34 4
21 19
52 0
69 37
6 70
13 1
43 5
5 33
59 5
63 12
57 49
14 22
52 2
52 49
48 41
58 69
12 24
32 26
19 13
30 28
69 25
28 53
24 64
20 1
61 16
48 31
9 70
37 36
35 30
55 53
43 59
53 9
38 28
52 31
23 11
44 25
38 3
7 23
11 2
65 19
13 48
49 62
34 39
2 32
68 69
53 42
57 14
31 65
9 48
48 10
63 66
67 24
36 3
10 21
10 12
44 35
37 7
53 30
35 24
13 2
54 13
17 67
42 21
70 59
57 63
47 63
0 67
60 13
28 59
33 47
20 15
60 51
7 54
34 22
11 38
17 33
50 19
43 49
11 16
48 1
11 65
16 3
32 23
53 36
42 11
67 2
65 43
30 10
24 4
32 60
41
64
31
32
15
43
8
20
28
58
13
9
27
24
47
23
67
3
61
49
19
70
6
38
63
56
0
60
66
26
35
51
22
21
37
90
272
45
75 22
12 76
60 51
44 7
54 83
23 17
66 54
84 21
22 2
46 9
48 30
12 78
13 71
79 14
69 53
30 6
56 47
86 34
4 24
70 40
18 31
50 1
8 71
68 46
21 55
9 54
18 51
23 58
82 18
2 19
81 85
8 64
49 81
73 84
70 25
50 77
16 32
37 44
41 67
83 3
22 47
3 72
39 26
72 30
72 71
43 38
79 15
52 3
0 3
71 74
34 75
15 11
60 21
38 77
32 52
50 78
28 35
0 11
63 19
15 29
11 7
49 61
38 46
76 70
69 21
83 36
0 87
23 52
11 63
12 31
31 4
67 44
85 59
85 71
57 20
3 28
20 32
2 5
65 26
37 88
65 64
45 43
27 56
10 37
81 33
26 89
42 52
46 62
31 80
89 66
35 80
50 37
71 7
39 22
51 6
46 86
42 64
45 57
17 30
27 5
1 66
32 59
10 61
4 26
87 66
76 26
77 73
24 44
80 36
12 86
32 81
10 21
68 49
29 37
52 84
20 84
64 9
53 44
36 66
78 46
65 67
79 16
4 3
47 30
68 76
70 68
72 20
11 51
57 66
13 64
11 54
39 12
20 88
77 36
89 55
14 2
49 53
9 20
19 1
47 11
58 59
39 31
17 15
10 26
39 70
73 59
79 49
28 11
60 8
87 28
15 7
12 26
81 17
22 8
24 38
43 12
1 87
16 24
8 68
29 18
72 54
21 52
56 61
49 8
21 41
69 30
21 43
10 82
80 17
81 44
48 3
83 26
24 33
72 84
18 40
19 80
14 70
64 26
15 34
56 39
69 86
42 11
16 4
80 0
16 47
79 40
10 36
82 42
34 48
20 19
74 17
14 88
68 9
83 79
27 13
26 80
61 28
33 76
78 74
45 53
82 49
65 32
16 80
67 59
63 77
67 77
58 56
20 0
56 89
43 75
26 21
65 52
81 75
42 62
33 42
43 40
15 0
10 54
2 37
37 42
15 71
2 53
83 1
34 59
39 48
24 57
64 56
5 85
79 26
40 34
64 54
38 64
71 31
9 65
32 84
89 7
24 73
51 16
77 46
1 31
27 86
86 83
9 80
19 46
78 54
24 78
69 76
80 77
18 42
53 72
44 8
51 81
57 44
6 28
5 79
82 39
61 33
6 75
23 48
27 60
64 29
63 70
28 10
3 26
80 44
79 7
5 3
56 77
52 35
58 47
11 33
45 29
8
77
41
13
71
15
27
3
29
81
16
85
38
35
43
26
36
68
25
11
31
9
55
73
2
64
65
74
7
54
63
66
34
58
57
4
21
75
50
47
14
20
61
48
53
155
520
77
29 126
77 111
136 123
21 91
30 16
103 49
128 8
6 104
101 19
84 28
20 32
143 41
90 118
39 16
59 150
0 23
10 81
30 68
0 142
115 9
115 33
88 135
146 48
17 20
105 123
115 65
121 130
7 44
52 122
108 20
106 119
53 99
19 64
6 51
145 51
24 74
66 33
79 1
55 141
117 52
10 103
76 78
8 141
78 0
24 60
73 49
47 51
26 10
91 37
77 45
29 89
101 87
90 128
67 99
135 121
113 1
153 26
43 61
21 51
119 125
14 44
105 43
72 40
120 153
92 19
13 95
39 21
120 51
98 61
145 63
85 90
73 3
129 54
130 84
136 92
9 141
86 102
96 83
73 13
29 2
64 3
54 112
22 13
124 19
130 46
19 84
120 106
123 17
82 83
2 19
50 21
56 23
98 79
17 141
55 142
83 88
112 130
127 98
86 12
35 93
146 6
151 112
37 77
75 6
15 143
5 29
149 141
58 86
90 62
109 65
23 122
42 47
138 34
8 143
140 45
44 88
99 97
137 51
139 104
17 132
133 35
5 69
25 55
106 144
107 53
65 40
121 114
31 141
94 39
71 101
38 4
110 62
53 86
91 12
34 153
18 153
63 93
131 59
152 100
72 24
21 152
57 123
137 27
134 110
80 29
116 121
150 8
4 72
147 89
140 36
154 89
33 148
40 70
11 130
14 58
67 32
56 46
131 29
151 138
48 126
146 110
67 73
135 7
98 62
33 113
3 115
55 131
64 154
114 9
93 89
4 73
95 60
53 9
81 97
15 73
64 49
47 82
55 60
97 42
79 68
54 65
15 94
60 92
95 114
129 44
105 78
22 95
93 25
8 39
10 65
85 129
74 107
130 15
89 12
109 143
117 126
111 102
3 15
41 152
136 68
91 96
77 107
14 132
71 127
76 111
153 132
92 39
17 55
86 121
153 136
0 53
61 80
143 99
123 104
15 78
0 71
136 108
128 2
55 101
131 148
9 41
86 57
69 18
133 5
115 124
47 129
121 145
110 141
154 115
38 76
135 54
75 135
106 94
147 13
67 54
136 17
103 25
43 56
120 62
83 113
63 151
42 38
122 135
8 65
66 7
152 29
154 153
62 122
29 59
142 64
147 1
66 15
6 60
16 67
24 66
123 98
133 30
99 20
108 46
72 44
100 16
123 80
109 87
147 22
80 63
0 116
56 15
124 122
35 147
56 40
73 114
145 18
106 7
44 142
71 81
122 48
88 48
34 139
145 7
107 102
63 124
63 12
68 141
43 64
109 139
35 139
0 47
46 135
11 52
30 39
112 86
137 101
117 124
36 112
60 5
95 89
26 49
74 127
25 75
35 72
108 31
104 39
152 71
154 81
13 106
105 59
100 143
11 42
105 20
137 136
26 74
8 120
53 102
63 125
94 3
16 99
19 144
113 101
28 101
110 76
148 9
40 11
89 150
118 43
0 16
25 129
89 126
107 143
149 74
141 133
146 8
135 101
128 143
73 153
19 91
108 22
5 0
152 86
54 128
64 20
126 76
26 85
23 148
113 85
134 145
18 111
13 3
128 78
144 75
134 7
19 63
13 121
54 46
39 12
90 109
126 22
53 87
39 142
124 67
38 77
1 92
64 70
23 97
99 93
108 83
36 67
75 104
30 33
131 153
35 100
29 112
10 93
68 100
111 149
55 41
114 59
44 92
72 36
86 70
145 129
78 80
87 50
140 24
75 9
86 123
121 39
145 135
75 60
92 100
130 75
36 81
134 37
52 109
90 16
21 126
127 30
42 99
100 123
103 68
147 138
30 114
59 97
97 52
89 137
37 120
13 79
61 146
91 42
10 140
6 35
114 10
84 121
22 109
145 112
146 125
54 101
30 150
93 2
21 138
135 21
25 153
71 76
109 129
70 69
36 58
136 50
94 110
20 87
77 33
122 87
39 151
68 52
3 146
144 4
77 81
46 95
22 21
33 135
114 107
93 29
3 4
36 135
53 31
31 112
23 28
154 140
41 6
25 61
25 4
42 123
96 29
113 95
93 4
56 151
45 145
41 99
147 115
53 51
71 18
115 79
34 51
117 137
40 21
21 78
49 76
130 96
97 102
147 146
98 115
113 75
84 78
96 110
146 148
87 135
87 79
154 17
50 142
54 15
65 67
19 100
104 144
49 61
99 46
55 91
109 45
57 4
117 113
94 142
116 146
118 146
41 24
19 26
84 85
67 85
88 128
101 77
147 31
87 152
19 72
39 102
57 81
19 148
48 89
94 71
82 153
17 149
23 3
88 43
87 69
75 57
140 68
104 16
139 142
141 116
51 128
80 148
34 22
110 3
147 48
49 3
14
21
45
98
127
31
95
150
16
110
122
116
29
83
5
37
111
52
86
72
93
40
13
60
148
34
92
28
79
89
69
15
1
78
55
102
54
51
23
9
32
12
103
18
146
99
80
124
65
97
141
147
25
66
128
152
33
3
104
26
58
82
81
61
119
154
75
17
130
19
11
67
41
96
64
57
105
163
569
81
87 1
76 126
11 112
73 14
66 44
100 37
38 112
133 69
9 128
132 87
128 141
115 28
26 64
103 110
26 126
87 73
55 109
14 117
0 145
74 34
8 34
27 159
118 23
11 64
131 157
23 34
50 63
90 117
85 115
86 34
40 156
117 151
70 83
12 114
18 35
113 75
94 10
133 66
155 39
35 119
62 33
88 15
84 22
75 15
60 61
33 134
149 143
126 63
8 75
42 138
124 11
131 78
106 84
72 158
17 4
16 115
136 9
6 70
14 25
103 97
132 19
44 48
92 7
118 17
105 48
65 29
105 20
105 160
57 80
109 36
21 92
86 32
26 10
6 13
57 77
111 89
3 29
79 11
144 62
64 156
140 71
14 135
148 65
122 28
70 132
40 97
1 113
114 120
16 101
123 121
131 106
126 84
15 133
107 21
157 57
129 21
67 91
68 44
58 136
132 146
1 42
21 69
148 74
141 31
23 72
72 103
25 104
17 49
156 155
32 82
128 25
106 122
2 141
95 109
57 149
127 91
37 20
85 123
120 82
84 150
154 28
10 67
79 125
160 152
57 45
145 52
116 117
80 24
121 61
43 142
49 35
0 119
152 130
89 60
138 95
35 134
44 99
10 147
77 159
22 54
103 30
46 99
142 34
139 15
12 137
53 136
47 122
48 153
125 102
92 41
4 108
36 96
56 79
28 81
129 59
5 39
4 161
140 115
162 85
51 157
24 98
93 95
161 38
91 34
56 75
16 139
126 94
21 104
158 8
114 137
51 21
123 95
10 25
79 156
162 135
58 91
144 108
29 62
25 127
65 141
93 46
128 20
136 16
63 36
144 118
131 60
84 152
150 142
63 90
2 1
136 88
51 65
98 78
0 17
153 100
145 157
62 108
47 111
31 81
148 104
29 159
155 89
123 125
16 108
143 130
7 43
124 147
131 9
35 88
103 32
7 147
133 39
136 70
35 114
67 24
112 139
1 89
18 76
137 95
132 79
154 125
40 16
155 93
28 153
111 0
91 81
54 47
79 30
124 84
39 110
56 3
34 112
42 34
52 99
121 127
8 127
126 60
20 23
128 114
12 48
119 37
24 12
131 156
91 11
93 133
128 69
138 92
66 120
55 124
56 113
88 53
23 112
8 87
114 7
92 11
101 82
119 52
107 108
16 150
69 43
41 157
10 119
90 59
73 4
156 108
78 119
148 21
47 41
98 124
72 138
34 4
54 31
80 133
33 109
88 92
0 147
161 108
37 9
56 115
58 148
159 161
75 137
85 77
138 0
129 145
138 116
82 106
156 128
133 107
122 111
33 16
113 92
141 121
88 41
82 128
94 105
71 55
84 43
159 130
116 76
60 53
149 99
90 41
27 87
126 108
161 28
10 143
112 24
12 2
77 55
2 136
131 141
15 27
63 76
140 57
149 103
82 92
122 161
50 68
119 154
60 15
10 11
105 68
14 101
154 85
1 125
24 69
14 39
8 45
117 8
25 32
90 64
58 42
7 101
41 46
82 131
21 140
144 106
104 4
14 124
113 24
39 121
10 31
41 110
157 149
1 7
95 84
11 48
126 128
124 134
91 85
78 40
140 82
114 86
50 46
154 54
35 63
122 105
96 55
82 36
118 40
76 142
88 39
80 85
84 118
155 135
18 21
155 36
142 136
33 50
26 100
94 125
69 8
92 143
156 145
60 23
51 138
61 23
138 122
119 81
13 79
126 104
155 94
129 112
52 64
158 117
82 9
55 41
34 117
63 21
25 80
37 60
100 53
36 89
83 90
57 70
89 13
155 91
131 1
81 20
88 5
57 90
122 107
71 62
5 0
34 43
23 86
110 84
120 76
111 134
16 121
130 78
48 30
147 114
111 58
119 13
157 63
138 66
76 39
117 9
114 132
104 51
133 141
143 81
136 24
42 127
28 136
102 57
159 98
116 90
94 95
132 94
76 22
29 107
111 65
134 60
96 74
146 64
31 9
111 117
151 5
157 91
141 70
31 79
98 149
109 153
4 151
141 147
125 77
46 16
153 101
39 59
127 83
143 27
49 127
50 103
59 31
58 70
29 50
25 140
3 104
98 128
143 147
141 86
88 36
70 42
116 150
67 74
125 64
138 75
29 132
121 152
68 57
135 67
129 3
50 14
130 14
132 68
159 143
27 48
18 160
2 0
53 66
6 141
1 86
125 93
65 114
55 106
29 104
36 113
86 8
68 77
94 7
69 146
1 109
53 108
143 6
91 112
57 118
26 32
127 39
133 86
47 99
80 140
160 99
29 143
6 27
34 30
77 64
38 45
100 43
146 7
65 129
14 98
40 133
160 106
2 103
1 112
61 110
31 128
136 35
147 16
68 91
132 41
137 62
61 155
156 16
94 8
162 91
52 28
128 3
18 46
76 157
49 58
76 58
159 102
110 8
49 21
85 1
84 48
100 158
75 118
23 32
11 159
11 24
13 35
125 37
9 127
52 16
81 56
25 29
76 117
96 26
68 41
152 151
40 117
6 109
1 58
10 22
146 52
48 147
97 58
109 71
36 32
133 62
134 69
109 126
31 119
124 36
104
71
162
136
140
17
69
109
153
65
49
79
94
154
117
75
155
84
116
73
110
135
158
139
97
108
50
137
68
86
27
35
54
62
99
34
2
138
74
152
112
24
14
78
149
131
72
90
42
46
106
157
122
85
20
32
130
29
145
100
19
150
111
96
127
156
64
47
21
38
80
59
147
148
41
81
126
77
132
18
63
