5
100 3
0 1 6
1 2 22
1 3 88
1 4 26
1 5 15
1 6 38
2 7 59
2 8 93
2 9 67
2 10 41
2 11 71
3 12 3
3 13 53
3 14 100
4 15 35
4 16 6
5 17 92
5 18 23
6 19 27
7 20 98
7 21 66
8 22 90
8 23 78
8 24 81
9 25 82
9 26 41
10 27 62
11 28 54
11 29 15
12 30 63
13 31 11
14 32 3
14 33 81
14 34 85
14 35 90
14 36 44
15 37 68
15 38 5
15 39 66
15 40 25
15 41 86
15 42 36
15 43 93
15 44 80
15 45 94
15 46 43
16 47 13
16 48 24
16 49 21
16 50 18
16 51 11
17 52 95
17 53 98
18 54 42
18 55 7
19 56 32
19 57 10
20 58 83
20 59 74
20 60 26
20 61 63
20 62 37
20 63 6
20 64 9
20 65 41
20 66 37
20 67 52
21 68 96
22 69 64
22 70 44
22 71 34
22 72 28
22 73 76
22 74 59
22 75 63
22 76 66
22 77 86
22 78 12
22 79 7
22 80 30
23 81 45
23 82 20
23 83 79
23 84 37
24 85 3
25 86 15
25 87 89
25 88 70
25 89 34
25 90 17
25 91 42
25 92 74
25 93 16
26 94 40
26 95 91
27 96 26
28 97 41
28 98 88
28 99 2
71 22 76 35 48 94 52 1 98 75 12 31 62 67 45 24 29 74 88 6 63 57 97 22 15 75 41 51 40 35 47 83 85 8 70 57 77 57 42 36 20 56 38 16 17 90 17 52 9 93 98 84 96 59 13 37 29 59 98 99 58 8 52 34 46 75 34 85 47 16 22 27 70 68 82 79 93 73 98 32 86 23 46 12 85 73 5 96 13 32 6 26 16 59 50 39 20 95 86 
100 3
0 1 74
0 2 96
0 3 58
0 4 71
0 5 75
0 6 24
0 7 21
1 8 34
1 9 95
1 10 17
1 11 60
1 12 84
1 13 18
1 14 59
1 15 2
1 16 61
2 17 70
3 18 98
3 19 35
4 20 32
5 21 11
5 22 71
5 23 82
6 24 28
7 25 64
7 26 90
8 27 78
9 28 32
10 29 8
10 30 35
10 31 57
10 32 78
11 33 61
11 34 87
11 35 88
11 36 21
11 37 14
11 38 30
11 39 51
11 40 84
11 41 58
11 42 39
12 43 17
12 44 84
12 45 6
12 46 2
12 47 25
13 48 96
14 49 30
15 50 40
15 51 3
15 52 18
15 53 59
15 54 55
16 55 10
17 56 27
17 57 8
18 58 52
19 59 39
19 60 55
20 61 57
21 62 63
21 63 89
21 64 59
21 65 12
21 66 96
22 67 62
23 68 47
23 69 3
24 70 22
24 71 57
24 72 24
24 73 47
24 74 93
24 75 93
25 76 62
25 77 81
25 78 11
25 79 6
25 80 83
25 81 91
26 82 87
26 83 2
27 84 39
28 85 43
29 86 10
29 87 71
30 88 43
31 89 50
31 90 16
31 91 10
32 92 63
32 93 50
32 94 1
33 95 88
34 96 71
35 97 83
35 98 17
35 99 99
30 12 62 86 82 99 36 26 36 67 80 50 84 48 57 23 86 68 43 90 72 99 9 64 91 3 77 6 34 64 70 12 22 12 53 95 86 9 80 80 14 99 32 96 22 7 27 24 33 79 41 90 61 25 79 71 49 5 81 53 34 10 78 63 20 16 16 77 92 65 82 5 4 29 59 96 53 70 43 82 41 13 54 3 68 26 59 66 51 49 86 88 43 87 11 40 71 90 78 
100 3
0 1 73
0 2 27
1 3 98
2 4 67
2 5 20
2 6 98
2 7 57
2 8 32
2 9 98
2 10 90
2 11 4
3 12 90
3 13 29
4 14 88
4 15 28
4 16 36
4 17 19
4 18 17
4 19 88
5 20 50
5 21 98
5 22 25
6 23 48
6 24 82
6 25 56
6 26 67
6 27 95
7 28 39
8 29 51
8 30 77
8 31 58
9 32 85
10 33 81
10 34 24
10 35 82
10 36 39
10 37 47
10 38 84
11 39 68
11 40 72
11 41 76
11 42 71
12 43 48
13 44 58
13 45 78
13 46 14
14 47 93
14 48 29
15 49 93
16 50 38
16 51 29
17 52 94
17 53 13
18 54 57
18 55 94
18 56 15
19 57 6
20 58 84
20 59 17
21 60 7
22 61 100
23 62 9
23 63 16
24 64 97
24 65 19
24 66 89
24 67 12
24 68 1
24 69 32
24 70 26
24 71 66
24 72 62
25 73 23
25 74 98
25 75 5
26 76 69
27 77 46
27 78 25
27 79 53
27 80 47
27 81 99
28 82 17
28 83 69
28 84 93
29 85 7
29 86 100
29 87 86
29 88 31
29 89 60
29 90 16
29 91 59
29 92 34
30 93 83
31 94 75
31 95 63
32 96 22
32 97 18
32 98 62
32 99 17
80 26 96 73 26 59 8 20 2 86 85 37 8 39 46 33 27 9 83 73 15 66 32 7 79 38 65 50 6 63 59 2 97 37 72 15 56 27 82 20 61 47 2 32 55 19 99 6 93 63 54 14 88 6 12 15 39 10 85 13 39 12 20 40 17 27 52 80 67 8 79 64 99 16 45 17 11 60 8 48 24 69 59 27 24 65 12 43 83 77 90 48 23 93 86 28 92 35 61 
100 3
0 1 36
0 2 65
1 3 6
1 4 21
1 5 37
1 6 47
2 7 29
2 8 26
2 9 69
3 10 33
3 11 39
3 12 99
4 13 7
4 14 32
5 15 53
5 16 27
6 17 9
6 18 45
7 19 38
8 20 54
8 21 11
8 22 5
9 23 28
9 24 15
10 25 54
10 26 35
11 27 62
12 28 13
12 29 97
13 30 54
13 31 5
13 32 86
13 33 55
14 34 80
14 35 12
15 36 77
15 37 66
15 38 51
16 39 79
16 40 1
16 41 18
16 42 43
17 43 28
18 44 75
19 45 93
19 46 44
20 47 47
20 48 17
20 49 1
21 50 24
21 51 66
21 52 48
22 53 48
22 54 81
22 55 7
22 56 96
22 57 72
22 58 56
22 59 67
23 60 27
23 61 4
24 62 81
24 63 30
25 64 46
25 65 60
25 66 26
26 67 51
26 68 31
27 69 8
27 70 100
27 71 52
27 72 36
28 73 55
29 74 100
30 75 48
30 76 17
30 77 74
30 78 1
30 79 22
31 80 61
31 81 17
31 82 14
31 83 66
31 84 39
31 85 24
32 86 53
33 87 65
33 88 6
34 89 59
34 90 2
34 91 25
34 92 68
35 93 57
35 94 26
35 95 84
35 96 76
35 97 87
35 98 44
36 99 53
7 37 32 33 69 64 33 26 54 54 63 39 57 17 35 100 95 99 37 94 43 36 7 92 12 35 90 32 73 59 3 2 35 62 17 46 83 61 69 48 17 31 61 90 23 2 58 3 54 49 53 18 19 5 41 39 56 26 33 60 68 65 3 16 35 26 51 43 96 67 88 14 15 97 15 17 43 63 40 72 50 8 83 95 97 1 22 58 61 60 29 40 2 16 69 89 76 52 59 
100 3
0 1 45
0 2 91
1 3 29
1 4 25
1 5 10
1 6 76
1 7 29
1 8 59
1 9 92
2 10 43
2 11 10
2 12 20
3 13 47
3 14 33
3 15 60
3 16 87
3 17 9
4 18 91
4 19 91
4 20 14
4 21 64
5 22 9
6 23 28
7 24 66
8 25 45
9 26 51
10 27 90
11 28 11
11 29 75
12 30 6
12 31 65
13 32 68
14 33 22
14 34 81
14 35 53
14 36 62
14 37 24
15 38 40
16 39 8
16 40 86
16 41 28
16 42 65
16 43 96
16 44 45
16 45 65
17 46 33
17 47 92
18 48 39
19 49 19
19 50 15
19 51 83
20 52 12
20 53 91
20 54 7
20 55 6
20 56 40
20 57 45
21 58 34
21 59 47
21 60 11
22 61 14
22 62 79
23 63 93
23 64 100
23 65 20
23 66 67
23 67 10
23 68 46
23 69 58
23 70 53
23 71 97
23 72 82
23 73 10
23 74 16
23 75 22
23 76 37
24 77 19
24 78 93
24 79 73
24 80 14
24 81 47
24 82 49
24 83 94
24 84 27
24 85 5
24 86 79
24 87 47
25 88 7
25 89 75
26 90 35
26 91 43
26 92 74
26 93 3
26 94 31
26 95 59
27 96 49
27 97 47
28 98 7
29 99 15
13 33 76 53 89 77 10 73 22 42 68 100 5 40 47 52 62 90 49 9 37 69 34 90 77 78 80 70 71 85 84 42 67 51 83 59 80 97 1 1 13 36 9 72 38 79 47 21 40 67 30 27 53 14 86 4 91 86 97 92 78 15 78 46 7 48 63 27 34 41 80 74 31 99 59 92 65 81 23 4 35 36 86 19 79 30 20 22 57 77 71 52 22 21 90 10 61 24 81 
