5
100 4
0 1 92
1 2 20
1 3 15
1 4 52
2 5 93
2 6 3
2 7 53
2 8 31
2 9 10
3 10 49
3 11 70
4 12 25
4 13 88
4 14 24
5 15 20
5 16 18
5 17 35
5 18 41
5 19 90
5 20 76
6 21 61
6 22 88
7 23 24
7 24 61
7 25 15
8 26 59
8 27 15
8 28 32
8 29 7
8 30 57
8 31 91
9 32 8
10 33 65
11 34 69
12 35 62
12 36 31
12 37 45
12 38 46
13 39 12
14 40 37
14 41 69
15 42 91
15 43 58
16 44 45
16 45 71
16 46 15
16 47 56
16 48 56
16 49 77
17 50 20
18 51 83
18 52 35
18 53 67
18 54 90
18 55 11
18 56 23
18 57 7
18 58 11
19 59 8
20 60 90
21 61 77
21 62 39
21 63 61
21 64 88
22 65 6
22 66 82
22 67 59
22 68 58
22 69 42
23 70 22
23 71 40
24 72 62
24 73 9
25 74 41
25 75 27
25 76 74
25 77 9
26 78 92
26 79 81
26 80 51
27 81 39
27 82 16
27 83 27
27 84 76
27 85 40
28 86 55
29 87 5
29 88 8
29 89 6
29 90 84
30 91 41
31 92 22
32 93 17
32 94 56
32 95 44
32 96 77
32 97 60
32 98 67
32 99 93
35 20 44 35 48 49 42 73 78 12 85 74 34 3 68 58 83 38 68 11 42 54 13 27 97 83 90 71 58 62 18 39 24 68 9 35 12 83 23 71 26 52 74 4 53 72 17 86 24 59 85 51 40 9 28 27 4 29 98 84 63 55 45 41 9 11 3 46 19 69 72 16 1 90 7 57 75 96 34 89 10 28 33 60 8 37 77 67 17 95 54 47 38 67 12 6 26 40 98 
100 4
0 1 10
0 2 75
0 3 38
0 4 29
0 5 75
1 6 94
2 7 79
2 8 9
3 9 72
3 10 12
3 11 52
4 12 69
4 13 66
5 14 84
5 15 38
5 16 95
5 17 96
6 18 58
6 19 14
6 20 61
6 21 94
6 22 10
6 23 77
7 24 24
7 25 50
8 26 33
8 27 23
8 28 60
8 29 26
8 30 86
8 31 48
9 32 99
9 33 19
9 34 7
9 35 99
9 36 65
10 37 16
10 38 42
10 39 98
11 40 45
11 41 76
11 42 73
12 43 43
12 44 19
12 45 78
13 46 27
13 47 73
13 48 79
13 49 96
13 50 11
13 51 43
13 52 95
13 53 48
14 54 88
14 55 56
15 56 18
16 57 37
17 58 6
17 59 38
17 60 77
18 61 6
19 62 57
19 63 19
19 64 11
20 65 11
21 66 33
21 67 14
21 68 62
21 69 90
21 70 7
21 71 98
21 72 58
21 73 75
22 74 85
22 75 55
22 76 31
22 77 90
22 78 5
22 79 20
23 80 70
23 81 57
24 82 93
24 83 43
24 84 57
24 85 7
24 86 7
24 87 97
24 88 48
25 89 45
25 90 58
26 91 88
27 92 96
28 93 65
29 94 10
30 95 86
30 96 96
30 97 21
30 98 30
31 99 99
58 46 58 18 13 3 88 41 89 50 49 55 64 89 68 79 69 16 86 97 89 97 49 53 18 30 52 97 77 22 93 58 3 67 61 38 92 8 60 57 83 87 26 64 100 67 60 46 12 7 45 18 74 28 66 7 32 58 15 98 8 30 23 70 23 59 65 78 86 51 88 92 36 92 74 2 48 86 44 35 42 67 34 28 6 49 44 72 73 51 77 82 21 41 78 80 76 92 74 
100 4
0 1 51
0 2 52
0 3 39
1 4 59
1 5 51
1 6 29
1 7 34
2 8 55
2 9 8
2 10 51
2 11 36
2 12 95
3 13 15
3 14 33
3 15 96
3 16 22
4 17 4
5 18 94
5 19 88
5 20 45
5 21 36
5 22 68
6 23 32
6 24 74
7 25 99
7 26 36
7 27 99
7 28 26
7 29 69
7 30 4
7 31 91
8 32 91
9 33 83
10 34 60
10 35 17
11 36 88
11 37 48
11 38 96
11 39 96
12 40 71
13 41 41
14 42 100
14 43 12
14 44 38
14 45 86
15 46 41
16 47 63
16 48 35
16 49 30
16 50 11
16 51 72
16 52 55
16 53 35
16 54 94
16 55 65
17 56 6
17 57 24
18 58 85
18 59 85
18 60 1
18 61 43
19 62 98
19 63 17
19 64 77
19 65 26
19 66 52
20 67 76
20 68 31
20 69 64
20 70 12
20 71 53
20 72 52
21 73 46
21 74 5
22 75 56
22 76 91
22 77 78
22 78 91
23 79 79
24 80 12
24 81 13
24 82 59
24 83 68
24 84 64
24 85 84
24 86 75
24 87 50
25 88 82
25 89 82
25 90 59
25 91 19
25 92 71
25 93 59
26 94 45
26 95 80
26 96 31
27 97 76
27 98 35
28 99 45
92 41 55 54 92 32 12 90 39 78 71 56 11 5 76 2 25 41 31 92 93 79 73 25 35 46 52 57 60 12 42 13 5 34 56 65 37 43 6 47 48 96 73 33 52 39 5 67 37 47 21 18 31 47 68 94 13 34 51 84 74 80 32 13 60 97 76 85 16 31 9 51 92 48 81 19 41 44 49 76 74 56 91 51 39 62 88 60 27 41 33 68 51 3 39 94 48 2 7 
100 4
0 1 6
0 2 9
1 3 15
2 4 27
3 5 87
4 6 1
4 7 50
5 8 62
5 9 61
5 10 23
5 11 82
5 12 47
5 13 88
5 14 52
5 15 21
5 16 35
5 17 6
5 18 10
5 19 31
6 20 74
6 21 44
6 22 75
7 23 89
8 24 38
8 25 54
9 26 16
9 27 24
9 28 72
9 29 17
10 30 72
10 31 1
10 32 27
10 33 23
10 34 90
10 35 5
10 36 64
11 37 24
12 38 12
12 39 30
13 40 24
13 41 58
14 42 53
14 43 53
15 44 27
16 45 5
16 46 61
16 47 68
16 48 63
16 49 28
17 50 40
17 51 39
17 52 37
18 53 30
19 54 27
19 55 62
20 56 30
21 57 59
22 58 63
23 59 31
23 60 23
23 61 86
23 62 5
24 63 90
25 64 90
25 65 42
25 66 57
26 67 77
27 68 7
27 69 55
27 70 13
27 71 4
27 72 21
27 73 7
28 74 54
29 75 10
29 76 73
29 77 86
29 78 50
30 79 62
30 80 70
31 81 23
31 82 49
31 83 20
31 84 29
31 85 45
31 86 83
31 87 15
31 88 45
31 89 88
31 90 38
32 91 4
33 92 97
33 93 54
33 94 69
34 95 73
35 96 33
35 97 62
35 98 75
35 99 84
35 91 96 75 73 84 66 4 67 68 95 75 43 23 93 44 97 71 38 97 78 28 69 46 75 32 73 86 10 94 24 74 46 32 81 38 22 75 51 81 2 97 8 40 20 26 4 57 39 47 57 81 8 56 86 42 31 100 26 83 90 85 27 41 83 26 32 77 97 94 72 45 50 65 82 33 23 75 70 78 16 53 94 58 4 79 12 16 62 82 21 94 35 51 48 4 28 95 38 
100 4
0 1 19
1 2 71
2 3 15
2 4 91
2 5 66
2 6 17
2 7 44
2 8 76
3 9 77
3 10 54
3 11 40
3 12 43
3 13 73
4 14 12
4 15 61
4 16 37
5 17 14
5 18 73
5 19 22
6 20 57
6 21 60
6 22 69
6 23 21
6 24 17
6 25 49
7 26 35
7 27 69
8 28 60
9 29 96
9 30 25
9 31 18
9 32 34
9 33 34
9 34 11
9 35 81
9 36 26
9 37 23
9 38 17
10 39 24
10 40 20
11 41 36
11 42 26
11 43 67
12 44 81
12 45 4
12 46 73
13 47 16
13 48 76
13 49 12
14 50 70
15 51 65
16 52 22
16 53 67
16 54 68
17 55 15
17 56 14
17 57 95
18 58 35
18 59 43
18 60 81
18 61 57
19 62 64
19 63 62
19 64 89
20 65 24
20 66 91
20 67 77
20 68 29
21 69 13
22 70 52
22 71 65
23 72 13
23 73 40
23 74 43
23 75 81
23 76 82
23 77 55
24 78 92
24 79 62
25 80 38
25 81 24
25 82 59
26 83 7
26 84 61
26 85 65
26 86 60
26 87 97
26 88 98
26 89 57
26 90 17
26 91 51
27 92 55
27 93 72
27 94 62
28 95 13
29 96 57
30 97 91
30 98 98
30 99 52
78 3 20 16 78 61 69 45 45 87 55 4 56 51 40 52 39 93 75 10 35 76 65 65 6 51 29 96 82 64 53 51 37 70 32 81 79 32 90 85 39 86 4 65 14 67 88 59 62 43 100 4 84 99 65 65 12 82 50 73 86 15 23 96 2 80 21 76 80 51 20 15 5 37 18 54 58 45 70 54 7 26 33 95 10 87 98 41 43 84 31 79 70 53 95 26 20 79 11 
