5
1000 1000
279
13
405
450
259
459
29
618
44
960
917
402
624
175
227
130
480
595
636
948
246
862
75
295
296
441
632
970
208
819
514
343
401
771
818
569
215
696
472
451
681
644
967
292
87
962
325
704
509
409
307
436
513
697
977
464
369
895
556
965
771
749
225
439
136
301
362
475
430
538
674
389
854
856
412
910
642
69
991
223
770
963
628
792
655
849
507
550
156
848
457
944
449
561
778
102
615
238
316
756
577
847
286
453
403
521
185
545
73
775
416
719
658
142
272
157
927
492
698
262
98
728
425
858
710
96
822
382
472
400
740
119
0
985
875
979
261
47
467
469
427
74
962
912
521
666
432
16
504
52
825
648
357
126
65
381
224
916
281
585
694
682
750
914
19
835
191
288
320
633
294
421
277
366
184
846
558
125
205
171
261
315
200
973
164
307
597
801
117
654
182
225
794
427
210
684
827
924
107
33
278
251
649
332
721
910
393
555
802
936
613
707
938
997
992
164
665
547
947
958
376
163
214
736
764
402
685
112
533
579
2
413
461
671
192
35
491
189
474
50
176
679
456
786
195
687
753
235
918
206
399
53
942
248
165
911
946
395
253
268
656
146
102
881
765
943
122
289
128
956
396
743
359
344
537
720
726
35
631
787
594
448
872
862
549
560
312
317
729
677
663
598
258
70
650
661
17
781
328
114
433
834
548
298
909
741
164
178
969
132
890
22
600
391
833
909
236
599
767
929
311
639
185
246
926
312
219
490
57
868
624
253
725
174
493
894
21
263
391
700
35
88
999
385
131
121
542
230
994
242
527
446
478
90
202
248
182
568
870
89
176
59
346
826
607
236
105
690
617
83
852
390
630
838
312
735
664
714
898
27
352
495
869
8
431
149
871
807
588
226
641
91
196
817
481
689
253
813
611
68
875
127
798
322
984
998
490
982
637
732
222
192
680
377
573
794
508
489
473
274
701
866
181
168
232
412
479
460
370
296
116
866
74
746
943
115
488
79
767
709
915
592
173
968
442
739
384
541
482
340
0
360
809
879
28
306
505
763
388
578
2
540
440
640
812
562
284
60
564
516
653
513
520
148
270
783
197
897
234
625
43
302
82
398
207
898
839
358
266
140
259
609
543
51
859
378
194
104
971
174
349
290
884
154
744
919
67
356
310
368
239
640
575
737
853
790
267
216
770
197
816
715
495
906
528
705
604
810
344
233
249
318
972
150
764
673
25
253
147
927
341
229
201
97
254
412
727
250
468
345
539
282
645
829
873
157
199
30
385
299
385
203
620
990
577
526
497
506
703
620
830
675
563
193
303
874
6
886
864
38
435
176
913
20
66
74
832
620
523
724
166
339
512
771
286
572
751
828
190
418
392
248
415
186
462
23
785
501
845
620
444
108
515
989
554
498
419
646
354
380
166
602
787
603
549
616
787
659
510
217
503
102
485
293
901
451
198
638
945
237
105
752
46
99
733
614
502
463
118
850
831
291
4
672
605
304
133
294
38
240
406
935
843
10
333
394
134
127
185
718
786
996
167
961
551
212
670
166
876
231
534
627
621
280
536
159
522
955
76
141
85
836
337
678
570
465
847
33
730
319
769
903
375
880
269
508
797
383
695
367
364
471
64
13
760
39
691
974
515
939
879
596
483
814
33
247
966
601
52
176
373
754
93
475
2
221
9
106
995
204
18
600
170
91
647
668
976
941
795
283
312
774
485
285
309
824
410
11
891
254
975
622
109
62
661
565
412
324
507
477
329
164
559
172
886
144
898
334
544
867
793
672
629
511
964
980
927
791
805
683
54
880
379
709
835
657
205
928
575
610
343
766
235
374
738
426
243
670
583
934
789
155
983
355
800
851
255
81
387
706
811
771
31
500
759
887
878
243
796
160
589
74
938
450
74
454
123
635
455
86
900
336
553
734
130
643
529
762
863
835
143
19
662
5
702
689
314
397
731
900
803
211
837
208
593
384
100
638
92
745
496
152
821
708
100
248
813
626
773
747
257
213
755
275
402
248
404
141
232
913
308
372
103
264
365
451
414
885
647
72
353
957
606
357
946
101
162
56
342
761
58
230
806
428
356
286
776
178
192
36
287
323
530
260
161
513
356
3
981
773
321
486
950
686
566
331
180
80
187
581
942
600
438
610
305
953
300
499
356
795
273
684
822
757
138
289
651
71
437
667
764
574
619
925
276
623
954
388
591
640
95
815
676
423
26
411
877
711
470
617
688
855
445
141
472
908
532
452
423
347
590
350
356
177
857
768
199
860
898
587
3 0
3 1
3 2
3 3
3 4
3 5
3 6
3 7
3 8
3 9
3 10
3 11
3 12
3 13
3 14
3 15
3 16
3 17
3 18
3 19
3 20
3 21
3 22
3 23
3 24
3 25
3 26
3 27
3 28
3 29
3 30
3 31
3 32
3 33
3 34
3 35
3 36
3 37
3 38
3 39
3 40
3 41
3 42
3 43
3 44
3 45
3 46
3 47
3 48
3 49
3 50
3 51
3 52
3 53
3 54
3 55
3 56
3 57
3 58
3 59
3 60
3 61
3 62
3 63
3 64
3 65
3 66
3 67
3 68
3 69
3 70
3 71
3 72
3 73
3 74
3 75
3 76
3 77
3 78
3 79
3 80
3 81
3 82
3 83
3 84
3 85
3 86
3 87
3 88
3 89
3 90
3 91
3 92
3 93
3 94
3 95
3 96
3 97
3 98
3 99
3 100
3 101
3 102
3 103
3 104
3 105
3 106
3 107
3 108
3 109
3 110
3 111
3 112
3 113
3 114
3 115
3 116
3 117
3 118
3 119
3 120
3 121
3 122
3 123
3 124
3 125
3 126
3 127
3 128
3 129
3 130
3 131
3 132
3 133
3 134
3 135
3 136
3 137
3 138
3 139
3 140
3 141
3 142
3 143
3 144
3 145
3 146
3 147
3 148
3 149
3 150
3 151
3 152
3 153
3 154
3 155
3 156
3 157
3 158
3 159
3 160
3 161
3 162
3 163
3 164
3 165
3 166
3 167
3 168
3 169
3 170
3 171
3 172
3 173
3 174
3 175
3 176
3 177
3 178
3 179
3 180
3 181
3 182
3 183
3 184
3 185
3 186
3 187
3 188
3 189
3 190
3 191
3 192
3 193
3 194
3 195
3 196
3 197
3 198
3 199
3 200
3 201
3 202
3 203
3 204
3 205
3 206
3 207
3 208
3 209
3 210
3 211
3 212
3 213
3 214
3 215
3 216
3 217
3 218
3 219
3 220
3 221
3 222
3 223
3 224
3 225
3 226
3 227
3 228
3 229
3 230
3 231
3 232
3 233
3 234
3 235
3 236
3 237
3 238
3 239
3 240
3 241
3 242
3 243
3 244
3 245
3 246
3 247
3 248
3 249
3 250
3 251
3 252
3 253
3 254
3 255
3 256
3 257
3 258
3 259
3 260
3 261
3 262
3 263
3 264
3 265
3 266
3 267
3 268
3 269
3 270
3 271
3 272
3 273
3 274
3 275
3 276
3 277
3 278
3 279
3 280
3 281
3 282
3 283
3 284
3 285
3 286
3 287
3 288
3 289
3 290
3 291
3 292
3 293
3 294
3 295
3 296
3 297
3 298
3 299
3 300
3 301
3 302
3 303
3 304
3 305
3 306
3 307
3 308
3 309
3 310
3 311
3 312
3 313
3 314
3 315
3 316
3 317
3 318
3 319
3 320
3 321
3 322
3 323
3 324
3 325
3 326
3 327
3 328
3 329
3 330
3 331
3 332
3 333
3 334
3 335
3 336
3 337
3 338
3 339
3 340
3 341
3 342
3 343
3 344
3 345
3 346
3 347
3 348
3 349
3 350
3 351
3 352
3 353
3 354
3 355
3 356
3 357
3 358
3 359
3 360
3 361
3 362
3 363
3 364
3 365
3 366
3 367
3 368
3 369
3 370
3 371
3 372
3 373
3 374
3 375
3 376
3 377
3 378
3 379
3 380
3 381
3 382
3 383
3 384
3 385
3 386
3 387
3 388
3 389
3 390
3 391
3 392
3 393
3 394
3 395
3 396
3 397
3 398
3 399
3 400
3 401
3 402
3 403
3 404
3 405
3 406
3 407
3 408
3 409
3 410
3 411
3 412
3 413
3 414
3 415
3 416
3 417
3 418
3 419
3 420
3 421
3 422
3 423
3 424
3 425
3 426
3 427
3 428
3 429
3 430
3 431
3 432
3 433
3 434
3 435
3 436
3 437
3 438
3 439
3 440
3 441
3 442
3 443
3 444
3 445
3 446
3 447
3 448
3 449
3 450
3 451
3 452
3 453
3 454
3 455
3 456
3 457
3 458
3 459
3 460
3 461
3 462
3 463
3 464
3 465
3 466
3 467
3 468
3 469
3 470
3 471
3 472
3 473
3 474
3 475
3 476
3 477
3 478
3 479
3 480
3 481
3 482
3 483
3 484
3 485
3 486
3 487
3 488
3 489
3 490
3 491
3 492
3 493
3 494
3 495
3 496
3 497
3 498
3 499
3 500
3 501
3 502
3 503
3 504
3 505
3 506
3 507
3 508
3 509
3 510
3 511
3 512
3 513
3 514
3 515
3 516
3 517
3 518
3 519
3 520
3 521
3 522
3 523
3 524
3 525
3 526
3 527
3 528
3 529
3 530
3 531
3 532
3 533
3 534
3 535
3 536
3 537
3 538
3 539
3 540
3 541
3 542
3 543
3 544
3 545
3 546
3 547
3 548
3 549
3 550
3 551
3 552
3 553
3 554
3 555
3 556
3 557
3 558
3 559
3 560
3 561
3 562
3 563
3 564
3 565
3 566
3 567
3 568
3 569
3 570
3 571
3 572
3 573
3 574
3 575
3 576
3 577
3 578
3 579
3 580
3 581
3 582
3 583
3 584
3 585
3 586
3 587
3 588
3 589
3 590
3 591
3 592
3 593
3 594
3 595
3 596
3 597
3 598
3 599
3 600
3 601
3 602
3 603
3 604
3 605
3 606
3 607
3 608
3 609
3 610
3 611
3 612
3 613
3 614
3 615
3 616
3 617
3 618
3 619
3 620
3 621
3 622
3 623
3 624
3 625
3 626
3 627
3 628
3 629
3 630
3 631
3 632
3 633
3 634
3 635
3 636
3 637
3 638
3 639
3 640
3 641
3 642
3 643
3 644
3 645
3 646
3 647
3 648
3 649
3 650
3 651
3 652
3 653
3 654
3 655
3 656
3 657
3 658
3 659
3 660
3 661
3 662
3 663
3 664
3 665
3 666
3 667
3 668
3 669
3 670
3 671
3 672
3 673
3 674
3 675
3 676
3 677
3 678
3 679
3 680
3 681
3 682
3 683
3 684
3 685
3 686
3 687
3 688
3 689
3 690
3 691
3 692
3 693
3 694
3 695
3 696
3 697
3 698
3 699
3 700
3 701
3 702
3 703
3 704
3 705
3 706
3 707
3 708
3 709
3 710
3 711
3 712
3 713
3 714
3 715
3 716
3 717
3 718
3 719
3 720
3 721
3 722
3 723
3 724
3 725
3 726
3 727
3 728
3 729
3 730
3 731
3 732
3 733
3 734
3 735
3 736
3 737
3 738
3 739
3 740
3 741
3 742
3 743
3 744
3 745
3 746
3 747
3 748
3 749
3 750
3 751
3 752
3 753
3 754
3 755
3 756
3 757
3 758
3 759
3 760
3 761
3 762
3 763
3 764
3 765
3 766
3 767
3 768
3 769
3 770
3 771
3 772
3 773
3 774
3 775
3 776
3 777
3 778
3 779
3 780
3 781
3 782
3 783
3 784
3 785
3 786
3 787
3 788
3 789
3 790
3 791
3 792
3 793
3 794
3 795
3 796
3 797
3 798
3 799
3 800
3 801
3 802
3 803
3 804
3 805
3 806
3 807
3 808
3 809
3 810
3 811
3 812
3 813
3 814
3 815
3 816
3 817
3 818
3 819
3 820
3 821
3 822
3 823
3 824
3 825
3 826
3 827
3 828
3 829
3 830
3 831
3 832
3 833
3 834
3 835
3 836
3 837
3 838
3 839
3 840
3 841
3 842
3 843
3 844
3 845
3 846
3 847
3 848
3 849
3 850
3 851
3 852
3 853
3 854
3 855
3 856
3 857
3 858
3 859
3 860
3 861
3 862
3 863
3 864
3 865
3 866
3 867
3 868
3 869
3 870
3 871
3 872
3 873
3 874
3 875
3 876
3 877
3 878
3 879
3 880
3 881
3 882
3 883
3 884
3 885
3 886
3 887
3 888
3 889
3 890
3 891
3 892
3 893
3 894
3 895
3 896
3 897
3 898
3 899
3 900
3 901
3 902
3 903
3 904
3 905
3 906
3 907
3 908
3 909
3 910
3 911
3 912
3 913
3 914
3 915
3 916
3 917
3 918
3 919
3 920
3 921
3 922
3 923
3 924
3 925
3 926
3 927
3 928
3 929
3 930
3 931
3 932
3 933
3 934
3 935
3 936
3 937
3 938
3 939
3 940
3 941
3 942
3 943
3 944
3 945
3 946
3 947
3 948
3 949
3 950
3 951
3 952
3 953
3 954
3 955
3 956
3 957
3 958
3 959
3 960
3 961
3 962
3 963
3 964
3 965
3 966
3 967
3 968
3 969
3 970
3 971
3 972
3 973
3 974
3 975
3 976
3 977
3 978
3 979
3 980
3 981
3 982
3 983
3 984
3 985
3 986
3 987
3 988
3 989
3 990
3 991
3 992
3 993
3 994
3 995
3 996
3 997
3 998
3 999
1000 1000
622
177
615
565
479
300
32
636
924
260
691
916
978
171
841
342
869
814
167
267
193
301
460
114
178
756
360
744
602
329
52
120
169
319
918
67
12
783
979
97
148
58
88
368
908
777
467
264
63
765
280
211
371
0
966
949
781
13
419
583
414
435
909
86
509
81
832
695
105
179
993
874
682
278
600
871
252
784
156
92
372
45
692
380
723
625
195
587
296
174
283
377
444
196
829
377
280
998
890
852
96
930
653
67
66
305
477
707
721
197
546
56
792
504
161
710
574
926
33
212
737
540
544
696
23
734
489
809
934
658
202
555
599
568
80
356
398
231
118
537
181
3
634
358
72
232
124
545
689
74
760
344
995
155
306
948
935
89
166
215
50
605
304
126
878
887
909
396
196
304
547
153
90
50
58
607
720
506
947
826
305
717
158
633
614
732
759
220
11
345
129
558
681
235
251
789
738
954
320
554
624
864
714
939
408
510
644
342
564
989
390
565
60
693
474
43
566
404
747
5
421
44
138
853
638
652
162
896
831
242
519
402
244
649
803
740
143
254
41
385
1
556
85
762
891
341
407
136
360
330
633
343
414
935
220
907
54
579
370
87
536
369
169
441
578
336
112
69
778
351
696
83
592
577
92
243
185
950
467
292
977
262
743
49
399
780
722
950
883
150
187
313
6
365
990
730
563
522
324
790
387
389
322
591
954
468
712
128
833
739
726
352
53
669
145
47
496
715
458
646
929
588
771
999
354
860
130
611
269
707
273
103
562
147
830
354
975
670
921
684
462
75
381
186
350
214
282
70
659
319
51
557
971
704
627
492
456
618
303
917
517
76
969
12
510
837
226
653
361
455
123
274
305
726
718
616
657
431
384
266
46
131
32
209
989
493
688
725
11
889
858
690
229
962
798
496
733
668
309
35
719
663
348
59
935
482
318
350
270
68
844
784
590
751
79
606
768
776
357
671
311
813
677
418
897
366
503
250
464
32
787
350
475
960
238
119
459
354
206
834
664
695
862
621
662
613
44
17
940
507
331
329
239
440
799
243
88
437
892
766
144
199
24
914
36
697
470
55
652
875
912
426
877
337
101
742
927
944
402
626
571
642
109
748
714
40
484
524
245
935
277
93
920
432
26
798
27
247
931
755
747
402
505
469
279
62
375
30
447
130
890
552
422
570
291
10
388
173
665
92
116
686
249
37
223
688
88
115
258
230
151
400
113
298
472
111
851
16
637
413
428
799
42
973
958
502
763
33
338
601
216
550
406
256
608
811
881
14
224
839
533
391
974
290
880
73
589
107
530
665
471
985
397
538
623
872
814
672
289
612
697
952
239
233
20
559
922
350
938
604
532
104
631
353
551
797
82
210
31
392
222
928
166
932
586
754
326
629
954
731
886
673
593
429
522
849
821
461
613
817
652
335
36
873
563
933
106
901
824
793
815
213
917
203
476
261
149
733
553
582
284
201
498
929
640
774
632
888
788
627
73
108
884
526
908
923
651
360
200
542
287
308
450
635
228
813
843
553
775
466
456
510
54
363
481
394
617
141
172
246
981
354
964
636
610
622
438
364
709
134
687
518
285
786
680
802
166
974
770
310
596
27
659
857
517
201
512
741
994
810
476
624
290
846
959
61
943
296
735
511
43
622
850
425
685
180
339
525
585
870
255
510
545
632
637
758
513
99
539
198
835
417
662
382
812
416
698
670
380
4
183
54
838
899
761
946
982
152
666
327
992
769
628
92
824
917
127
341
825
38
182
781
757
795
729
746
187
647
340
8
822
478
597
317
678
714
140
779
510
98
445
346
439
312
529
410
575
749
225
793
271
448
38
349
590
305
674
449
703
405
902
785
444
997
325
369
56
701
64
709
443
997
791
706
791
346
354
569
240
620
764
359
320
254
855
955
648
12
915
421
655
234
271
724
549
415
905
818
256
593
676
241
510
403
932
28
306
655
293
373
917
987
497
718
290
699
864
170
463
137
421
259
867
745
772
60
168
237
700
913
228
609
352
217
33
355
501
22
334
980
0
656
978
953
679
100
986
689
570
827
926
248
220
240
57
667
483
160
794
848
290
290
281
840
650
711
868
984
630
924
657
16
55
910
91
308
384
893
983
205
581
895
425
275
494
886
499
942
457
486
25
796
807
965
67
512
26
263
294
105
227
782
643
280
354
409
204
819
219
455
941
774
86
277
253
988
95
801
945
576
836
88
680
236
110
54
495
832
78
166
894
295
192
805
202
36
296
919
133
911
78
63
702
598
464
265
207
60
376
163
3 0
3 1
3 2
3 3
3 4
3 5
3 6
3 7
3 8
3 9
3 10
3 11
3 12
3 13
3 14
3 15
3 16
3 17
3 18
3 19
3 20
3 21
3 22
3 23
3 24
3 25
3 26
3 27
3 28
3 29
3 30
3 31
3 32
3 33
3 34
3 35
3 36
3 37
3 38
3 39
3 40
3 41
3 42
3 43
3 44
3 45
3 46
3 47
3 48
3 49
3 50
3 51
3 52
3 53
3 54
3 55
3 56
3 57
3 58
3 59
3 60
3 61
3 62
3 63
3 64
3 65
3 66
3 67
3 68
3 69
3 70
3 71
3 72
3 73
3 74
3 75
3 76
3 77
3 78
3 79
3 80
3 81
3 82
3 83
3 84
3 85
3 86
3 87
3 88
3 89
3 90
3 91
3 92
3 93
3 94
3 95
3 96
3 97
3 98
3 99
3 100
3 101
3 102
3 103
3 104
3 105
3 106
3 107
3 108
3 109
3 110
3 111
3 112
3 113
3 114
3 115
3 116
3 117
3 118
3 119
3 120
3 121
3 122
3 123
3 124
3 125
3 126
3 127
3 128
3 129
3 130
3 131
3 132
3 133
3 134
3 135
3 136
3 137
3 138
3 139
3 140
3 141
3 142
3 143
3 144
3 145
3 146
3 147
3 148
3 149
3 150
3 151
3 152
3 153
3 154
3 155
3 156
3 157
3 158
3 159
3 160
3 161
3 162
3 163
3 164
3 165
3 166
3 167
3 168
3 169
3 170
3 171
3 172
3 173
3 174
3 175
3 176
3 177
3 178
3 179
3 180
3 181
3 182
3 183
3 184
3 185
3 186
3 187
3 188
3 189
3 190
3 191
3 192
3 193
3 194
3 195
3 196
3 197
3 198
3 199
3 200
3 201
3 202
3 203
3 204
3 205
3 206
3 207
3 208
3 209
3 210
3 211
3 212
3 213
3 214
3 215
3 216
3 217
3 218
3 219
3 220
3 221
3 222
3 223
3 224
3 225
3 226
3 227
3 228
3 229
3 230
3 231
3 232
3 233
3 234
3 235
3 236
3 237
3 238
3 239
3 240
3 241
3 242
3 243
3 244
3 245
3 246
3 247
3 248
3 249
3 250
3 251
3 252
3 253
3 254
3 255
3 256
3 257
3 258
3 259
3 260
3 261
3 262
3 263
3 264
3 265
3 266
3 267
3 268
3 269
3 270
3 271
3 272
3 273
3 274
3 275
3 276
3 277
3 278
3 279
3 280
3 281
3 282
3 283
3 284
3 285
3 286
3 287
3 288
3 289
3 290
3 291
3 292
3 293
3 294
3 295
3 296
3 297
3 298
3 299
3 300
3 301
3 302
3 303
3 304
3 305
3 306
3 307
3 308
3 309
3 310
3 311
3 312
3 313
3 314
3 315
3 316
3 317
3 318
3 319
3 320
3 321
3 322
3 323
3 324
3 325
3 326
3 327
3 328
3 329
3 330
3 331
3 332
3 333
3 334
3 335
3 336
3 337
3 338
3 339
3 340
3 341
3 342
3 343
3 344
3 345
3 346
3 347
3 348
3 349
3 350
3 351
3 352
3 353
3 354
3 355
3 356
3 357
3 358
3 359
3 360
3 361
3 362
3 363
3 364
3 365
3 366
3 367
3 368
3 369
3 370
3 371
3 372
3 373
3 374
3 375
3 376
3 377
3 378
3 379
3 380
3 381
3 382
3 383
3 384
3 385
3 386
3 387
3 388
3 389
3 390
3 391
3 392
3 393
3 394
3 395
3 396
3 397
3 398
3 399
3 400
3 401
3 402
3 403
3 404
3 405
3 406
3 407
3 408
3 409
3 410
3 411
3 412
3 413
3 414
3 415
3 416
3 417
3 418
3 419
3 420
3 421
3 422
3 423
3 424
3 425
3 426
3 427
3 428
3 429
3 430
3 431
3 432
3 433
3 434
3 435
3 436
3 437
3 438
3 439
3 440
3 441
3 442
3 443
3 444
3 445
3 446
3 447
3 448
3 449
3 450
3 451
3 452
3 453
3 454
3 455
3 456
3 457
3 458
3 459
3 460
3 461
3 462
3 463
3 464
3 465
3 466
3 467
3 468
3 469
3 470
3 471
3 472
3 473
3 474
3 475
3 476
3 477
3 478
3 479
3 480
3 481
3 482
3 483
3 484
3 485
3 486
3 487
3 488
3 489
3 490
3 491
3 492
3 493
3 494
3 495
3 496
3 497
3 498
3 499
3 500
3 501
3 502
3 503
3 504
3 505
3 506
3 507
3 508
3 509
3 510
3 511
3 512
3 513
3 514
3 515
3 516
3 517
3 518
3 519
3 520
3 521
3 522
3 523
3 524
3 525
3 526
3 527
3 528
3 529
3 530
3 531
3 532
3 533
3 534
3 535
3 536
3 537
3 538
3 539
3 540
3 541
3 542
3 543
3 544
3 545
3 546
3 547
3 548
3 549
3 550
3 551
3 552
3 553
3 554
3 555
3 556
3 557
3 558
3 559
3 560
3 561
3 562
3 563
3 564
3 565
3 566
3 567
3 568
3 569
3 570
3 571
3 572
3 573
3 574
3 575
3 576
3 577
3 578
3 579
3 580
3 581
3 582
3 583
3 584
3 585
3 586
3 587
3 588
3 589
3 590
3 591
3 592
3 593
3 594
3 595
3 596
3 597
3 598
3 599
3 600
3 601
3 602
3 603
3 604
3 605
3 606
3 607
3 608
3 609
3 610
3 611
3 612
3 613
3 614
3 615
3 616
3 617
3 618
3 619
3 620
3 621
3 622
3 623
3 624
3 625
3 626
3 627
3 628
3 629
3 630
3 631
3 632
3 633
3 634
3 635
3 636
3 637
3 638
3 639
3 640
3 641
3 642
3 643
3 644
3 645
3 646
3 647
3 648
3 649
3 650
3 651
3 652
3 653
3 654
3 655
3 656
3 657
3 658
3 659
3 660
3 661
3 662
3 663
3 664
3 665
3 666
3 667
3 668
3 669
3 670
3 671
3 672
3 673
3 674
3 675
3 676
3 677
3 678
3 679
3 680
3 681
3 682
3 683
3 684
3 685
3 686
3 687
3 688
3 689
3 690
3 691
3 692
3 693
3 694
3 695
3 696
3 697
3 698
3 699
3 700
3 701
3 702
3 703
3 704
3 705
3 706
3 707
3 708
3 709
3 710
3 711
3 712
3 713
3 714
3 715
3 716
3 717
3 718
3 719
3 720
3 721
3 722
3 723
3 724
3 725
3 726
3 727
3 728
3 729
3 730
3 731
3 732
3 733
3 734
3 735
3 736
3 737
3 738
3 739
3 740
3 741
3 742
3 743
3 744
3 745
3 746
3 747
3 748
3 749
3 750
3 751
3 752
3 753
3 754
3 755
3 756
3 757
3 758
3 759
3 760
3 761
3 762
3 763
3 764
3 765
3 766
3 767
3 768
3 769
3 770
3 771
3 772
3 773
3 774
3 775
3 776
3 777
3 778
3 779
3 780
3 781
3 782
3 783
3 784
3 785
3 786
3 787
3 788
3 789
3 790
3 791
3 792
3 793
3 794
3 795
3 796
3 797
3 798
3 799
3 800
3 801
3 802
3 803
3 804
3 805
3 806
3 807
3 808
3 809
3 810
3 811
3 812
3 813
3 814
3 815
3 816
3 817
3 818
3 819
3 820
3 821
3 822
3 823
3 824
3 825
3 826
3 827
3 828
3 829
3 830
3 831
3 832
3 833
3 834
3 835
3 836
3 837
3 838
3 839
3 840
3 841
3 842
3 843
3 844
3 845
3 846
3 847
3 848
3 849
3 850
3 851
3 852
3 853
3 854
3 855
3 856
3 857
3 858
3 859
3 860
3 861
3 862
3 863
3 864
3 865
3 866
3 867
3 868
3 869
3 870
3 871
3 872
3 873
3 874
3 875
3 876
3 877
3 878
3 879
3 880
3 881
3 882
3 883
3 884
3 885
3 886
3 887
3 888
3 889
3 890
3 891
3 892
3 893
3 894
3 895
3 896
3 897
3 898
3 899
3 900
3 901
3 902
3 903
3 904
3 905
3 906
3 907
3 908
3 909
3 910
3 911
3 912
3 913
3 914
3 915
3 916
3 917
3 918
3 919
3 920
3 921
3 922
3 923
3 924
3 925
3 926
3 927
3 928
3 929
3 930
3 931
3 932
3 933
3 934
3 935
3 936
3 937
3 938
3 939
3 940
3 941
3 942
3 943
3 944
3 945
3 946
3 947
3 948
3 949
3 950
3 951
3 952
3 953
3 954
3 955
3 956
3 957
3 958
3 959
3 960
3 961
3 962
3 963
3 964
3 965
3 966
3 967
3 968
3 969
3 970
3 971
3 972
3 973
3 974
3 975
3 976
3 977
3 978
3 979
3 980
3 981
3 982
3 983
3 984
3 985
3 986
3 987
3 988
3 989
3 990
3 991
3 992
3 993
3 994
3 995
3 996
3 997
3 998
3 999
1000 1000
708
178
453
468
727
371
890
335
427
884
163
173
20
49
713
919
914
193
860
30
763
680
735
757
820
847
211
353
272
298
783
441
592
517
223
650
322
581
75
783
238
271
636
931
967
959
14
381
933
968
103
549
991
539
750
70
305
10
532
144
957
949
873
149
723
109
988
518
83
745
62
2
76
41
309
58
981
340
749
626
894
60
705
279
120
622
5
793
433
320
191
363
517
226
486
377
44
910
247
417
9
69
946
483
604
845
97
830
212
588
38
579
806
777
865
525
762
56
993
634
71
889
18
435
553
815
132
679
501
701
926
851
204
83
642
112
298
860
518
562
724
538
161
676
526
274
236
85
912
311
572
570
10
147
992
657
765
145
419
234
283
215
28
599
277
400
799
911
136
823
796
544
460
697
380
353
416
120
623
78
656
883
597
797
292
45
439
643
831
778
33
881
8
58
398
556
488
803
470
517
79
649
185
520
728
413
565
589
426
249
773
601
977
816
648
804
808
202
370
394
640
571
252
987
296
424
264
440
166
533
821
827
874
503
775
297
577
354
751
678
545
916
618
853
135
557
522
710
186
92
882
11
451
209
470
960
425
266
595
421
443
246
282
29
532
387
668
907
74
433
567
608
421
100
844
316
673
538
200
223
137
963
127
357
850
275
32
706
685
867
34
497
994
542
806
524
251
844
993
370
776
196
979
871
487
485
265
937
717
290
990
393
98
879
429
333
26
782
616
231
262
531
630
223
779
985
954
755
861
304
552
317
826
586
360
388
99
946
559
351
126
188
290
101
875
664
362
189
730
284
155
520
543
108
700
682
390
878
794
546
860
669
781
64
942
130
971
569
533
79
541
965
77
741
868
859
180
261
899
447
922
493
795
824
945
422
609
453
33
893
764
677
656
832
726
455
192
909
868
436
481
689
241
721
258
724
868
672
494
143
941
821
665
918
796
470
684
830
925
605
428
286
410
758
635
682
768
412
819
76
353
516
7
644
754
464
532
442
445
667
936
914
934
73
232
868
176
976
714
201
822
407
230
153
87
319
699
307
920
449
955
940
61
846
348
342
322
885
632
953
137
295
862
908
168
927
534
508
270
594
107
343
732
105
336
70
397
498
743
653
950
55
866
624
16
158
267
887
621
79
938
964
491
58
643
318
151
817
352
837
913
70
709
749
729
606
958
378
169
135
84
876
195
0
875
197
238
286
504
145
719
184
880
962
770
106
180
756
543
812
839
434
332
564
54
810
358
738
849
882
705
131
179
423
707
902
470
654
353
25
505
532
843
502
125
197
898
558
516
140
337
580
607
708
509
956
79
171
375
674
769
805
720
291
168
384
975
477
713
117
915
23
17
731
659
619
338
369
900
110
326
136
235
754
373
800
421
548
838
738
627
708
194
996
929
716
167
331
68
857
303
944
216
102
327
808
688
614
1
104
780
404
869
3
280
122
393
425
81
652
746
89
806
107
148
133
214
854
715
742
952
704
278
585
198
841
948
254
95
27
19
693
93
922
91
519
767
369
177
462
36
46
901
563
85
774
173
499
895
334
47
788
475
383
293
564
91
70
353
786
129
67
972
430
917
688
759
388
229
94
388
813
590
687
537
157
872
633
302
527
969
576
760
881
587
880
303
703
170
467
402
973
57
978
651
325
119
182
987
24
31
465
224
288
217
90
382
199
844
490
784
736
128
391
378
802
353
864
443
928
406
302
764
828
844
986
254
448
561
495
511
183
668
409
473
96
173
724
148
584
888
62
228
245
181
395
414
372
807
600
350
301
298
268
661
146
502
984
239
227
315
399
172
711
111
766
51
469
547
66
737
355
480
566
43
207
881
586
328
698
811
225
213
789
42
655
951
263
329
368
708
472
396
970
662
444
244
744
725
658
140
82
987
575
752
121
856
210
611
546
310
914
116
521
499
643
645
535
617
22
966
53
891
791
631
138
528
374
471
482
523
194
403
484
257
109
666
123
162
515
221
712
142
250
35
323
388
187
233
965
485
989
877
876
48
99
134
118
361
458
465
835
144
344
364
695
987
583
294
135
573
593
646
984
620
961
718
175
438
512
470
237
173
824
120
211
432
852
156
492
153
771
306
878
663
40
185
946
873
957
37
28
582
692
119
602
612
897
513
256
203
124
761
149
367
478
474
681
190
529
15
756
164
873
308
886
214
405
62
120
339
392
465
603
896
13
243
259
987
983
141
947
415
532
408
453
580
927
625
173
222
974
999
220
921
496
880
529
733
6
409
598
923
538
517
637
460
39
924
550
3 0
3 1
3 2
3 3
3 4
3 5
3 6
3 7
3 8
3 9
3 10
3 11
3 12
3 13
3 14
3 15
3 16
3 17
3 18
3 19
3 20
3 21
3 22
3 23
3 24
3 25
3 26
3 27
3 28
3 29
3 30
3 31
3 32
3 33
3 34
3 35
3 36
3 37
3 38
3 39
3 40
3 41
3 42
3 43
3 44
3 45
3 46
3 47
3 48
3 49
3 50
3 51
3 52
3 53
3 54
3 55
3 56
3 57
3 58
3 59
3 60
3 61
3 62
3 63
3 64
3 65
3 66
3 67
3 68
3 69
3 70
3 71
3 72
3 73
3 74
3 75
3 76
3 77
3 78
3 79
3 80
3 81
3 82
3 83
3 84
3 85
3 86
3 87
3 88
3 89
3 90
3 91
3 92
3 93
3 94
3 95
3 96
3 97
3 98
3 99
3 100
3 101
3 102
3 103
3 104
3 105
3 106
3 107
3 108
3 109
3 110
3 111
3 112
3 113
3 114
3 115
3 116
3 117
3 118
3 119
3 120
3 121
3 122
3 123
3 124
3 125
3 126
3 127
3 128
3 129
3 130
3 131
3 132
3 133
3 134
3 135
3 136
3 137
3 138
3 139
3 140
3 141
3 142
3 143
3 144
3 145
3 146
3 147
3 148
3 149
3 150
3 151
3 152
3 153
3 154
3 155
3 156
3 157
3 158
3 159
3 160
3 161
3 162
3 163
3 164
3 165
3 166
3 167
3 168
3 169
3 170
3 171
3 172
3 173
3 174
3 175
3 176
3 177
3 178
3 179
3 180
3 181
3 182
3 183
3 184
3 185
3 186
3 187
3 188
3 189
3 190
3 191
3 192
3 193
3 194
3 195
3 196
3 197
3 198
3 199
3 200
3 201
3 202
3 203
3 204
3 205
3 206
3 207
3 208
3 209
3 210
3 211
3 212
3 213
3 214
3 215
3 216
3 217
3 218
3 219
3 220
3 221
3 222
3 223
3 224
3 225
3 226
3 227
3 228
3 229
3 230
3 231
3 232
3 233
3 234
3 235
3 236
3 237
3 238
3 239
3 240
3 241
3 242
3 243
3 244
3 245
3 246
3 247
3 248
3 249
3 250
3 251
3 252
3 253
3 254
3 255
3 256
3 257
3 258
3 259
3 260
3 261
3 262
3 263
3 264
3 265
3 266
3 267
3 268
3 269
3 270
3 271
3 272
3 273
3 274
3 275
3 276
3 277
3 278
3 279
3 280
3 281
3 282
3 283
3 284
3 285
3 286
3 287
3 288
3 289
3 290
3 291
3 292
3 293
3 294
3 295
3 296
3 297
3 298
3 299
3 300
3 301
3 302
3 303
3 304
3 305
3 306
3 307
3 308
3 309
3 310
3 311
3 312
3 313
3 314
3 315
3 316
3 317
3 318
3 319
3 320
3 321
3 322
3 323
3 324
3 325
3 326
3 327
3 328
3 329
3 330
3 331
3 332
3 333
3 334
3 335
3 336
3 337
3 338
3 339
3 340
3 341
3 342
3 343
3 344
3 345
3 346
3 347
3 348
3 349
3 350
3 351
3 352
3 353
3 354
3 355
3 356
3 357
3 358
3 359
3 360
3 361
3 362
3 363
3 364
3 365
3 366
3 367
3 368
3 369
3 370
3 371
3 372
3 373
3 374
3 375
3 376
3 377
3 378
3 379
3 380
3 381
3 382
3 383
3 384
3 385
3 386
3 387
3 388
3 389
3 390
3 391
3 392
3 393
3 394
3 395
3 396
3 397
3 398
3 399
3 400
3 401
3 402
3 403
3 404
3 405
3 406
3 407
3 408
3 409
3 410
3 411
3 412
3 413
3 414
3 415
3 416
3 417
3 418
3 419
3 420
3 421
3 422
3 423
3 424
3 425
3 426
3 427
3 428
3 429
3 430
3 431
3 432
3 433
3 434
3 435
3 436
3 437
3 438
3 439
3 440
3 441
3 442
3 443
3 444
3 445
3 446
3 447
3 448
3 449
3 450
3 451
3 452
3 453
3 454
3 455
3 456
3 457
3 458
3 459
3 460
3 461
3 462
3 463
3 464
3 465
3 466
3 467
3 468
3 469
3 470
3 471
3 472
3 473
3 474
3 475
3 476
3 477
3 478
3 479
3 480
3 481
3 482
3 483
3 484
3 485
3 486
3 487
3 488
3 489
3 490
3 491
3 492
3 493
3 494
3 495
3 496
3 497
3 498
3 499
3 500
3 501
3 502
3 503
3 504
3 505
3 506
3 507
3 508
3 509
3 510
3 511
3 512
3 513
3 514
3 515
3 516
3 517
3 518
3 519
3 520
3 521
3 522
3 523
3 524
3 525
3 526
3 527
3 528
3 529
3 530
3 531
3 532
3 533
3 534
3 535
3 536
3 537
3 538
3 539
3 540
3 541
3 542
3 543
3 544
3 545
3 546
3 547
3 548
3 549
3 550
3 551
3 552
3 553
3 554
3 555
3 556
3 557
3 558
3 559
3 560
3 561
3 562
3 563
3 564
3 565
3 566
3 567
3 568
3 569
3 570
3 571
3 572
3 573
3 574
3 575
3 576
3 577
3 578
3 579
3 580
3 581
3 582
3 583
3 584
3 585
3 586
3 587
3 588
3 589
3 590
3 591
3 592
3 593
3 594
3 595
3 596
3 597
3 598
3 599
3 600
3 601
3 602
3 603
3 604
3 605
3 606
3 607
3 608
3 609
3 610
3 611
3 612
3 613
3 614
3 615
3 616
3 617
3 618
3 619
3 620
3 621
3 622
3 623
3 624
3 625
3 626
3 627
3 628
3 629
3 630
3 631
3 632
3 633
3 634
3 635
3 636
3 637
3 638
3 639
3 640
3 641
3 642
3 643
3 644
3 645
3 646
3 647
3 648
3 649
3 650
3 651
3 652
3 653
3 654
3 655
3 656
3 657
3 658
3 659
3 660
3 661
3 662
3 663
3 664
3 665
3 666
3 667
3 668
3 669
3 670
3 671
3 672
3 673
3 674
3 675
3 676
3 677
3 678
3 679
3 680
3 681
3 682
3 683
3 684
3 685
3 686
3 687
3 688
3 689
3 690
3 691
3 692
3 693
3 694
3 695
3 696
3 697
3 698
3 699
3 700
3 701
3 702
3 703
3 704
3 705
3 706
3 707
3 708
3 709
3 710
3 711
3 712
3 713
3 714
3 715
3 716
3 717
3 718
3 719
3 720
3 721
3 722
3 723
3 724
3 725
3 726
3 727
3 728
3 729
3 730
3 731
3 732
3 733
3 734
3 735
3 736
3 737
3 738
3 739
3 740
3 741
3 742
3 743
3 744
3 745
3 746
3 747
3 748
3 749
3 750
3 751
3 752
3 753
3 754
3 755
3 756
3 757
3 758
3 759
3 760
3 761
3 762
3 763
3 764
3 765
3 766
3 767
3 768
3 769
3 770
3 771
3 772
3 773
3 774
3 775
3 776
3 777
3 778
3 779
3 780
3 781
3 782
3 783
3 784
3 785
3 786
3 787
3 788
3 789
3 790
3 791
3 792
3 793
3 794
3 795
3 796
3 797
3 798
3 799
3 800
3 801
3 802
3 803
3 804
3 805
3 806
3 807
3 808
3 809
3 810
3 811
3 812
3 813
3 814
3 815
3 816
3 817
3 818
3 819
3 820
3 821
3 822
3 823
3 824
3 825
3 826
3 827
3 828
3 829
3 830
3 831
3 832
3 833
3 834
3 835
3 836
3 837
3 838
3 839
3 840
3 841
3 842
3 843
3 844
3 845
3 846
3 847
3 848
3 849
3 850
3 851
3 852
3 853
3 854
3 855
3 856
3 857
3 858
3 859
3 860
3 861
3 862
3 863
3 864
3 865
3 866
3 867
3 868
3 869
3 870
3 871
3 872
3 873
3 874
3 875
3 876
3 877
3 878
3 879
3 880
3 881
3 882
3 883
3 884
3 885
3 886
3 887
3 888
3 889
3 890
3 891
3 892
3 893
3 894
3 895
3 896
3 897
3 898
3 899
3 900
3 901
3 902
3 903
3 904
3 905
3 906
3 907
3 908
3 909
3 910
3 911
3 912
3 913
3 914
3 915
3 916
3 917
3 918
3 919
3 920
3 921
3 922
3 923
3 924
3 925
3 926
3 927
3 928
3 929
3 930
3 931
3 932
3 933
3 934
3 935
3 936
3 937
3 938
3 939
3 940
3 941
3 942
3 943
3 944
3 945
3 946
3 947
3 948
3 949
3 950
3 951
3 952
3 953
3 954
3 955
3 956
3 957
3 958
3 959
3 960
3 961
3 962
3 963
3 964
3 965
3 966
3 967
3 968
3 969
3 970
3 971
3 972
3 973
3 974
3 975
3 976
3 977
3 978
3 979
3 980
3 981
3 982
3 983
3 984
3 985
3 986
3 987
3 988
3 989
3 990
3 991
3 992
3 993
3 994
3 995
3 996
3 997
3 998
3 999
1000 1000
281
799
587
59
309
914
324
847
177
326
845
247
316
65
73
498
482
670
505
153
598
585
896
663
954
80
945
7
475
76
199
789
279
652
59
916
817
583
554
981
440
708
973
550
75
243
370
889
131
321
768
983
706
752
345
154
818
541
381
975
354
728
985
535
597
746
209
133
397
309
994
14
387
604
862
667
558
379
764
168
547
151
240
181
614
871
421
681
821
287
290
467
379
196
561
819
838
737
353
895
251
528
45
761
754
643
356
522
325
55
845
401
137
600
968
123
197
185
781
973
179
879
513
770
133
308
987
300
830
959
90
692
299
313
934
853
651
993
422
54
417
893
756
261
147
46
332
836
656
672
252
141
530
265
551
171
338
495
992
187
481
703
950
913
953
375
16
782
783
52
108
493
235
819
41
638
673
994
883
603
702
114
926
402
925
79
454
432
975
705
347
572
809
78
760
621
107
99
378
537
998
271
390
819
404
679
890
912
719
214
984
281
329
161
453
776
977
796
264
128
257
11
228
117
639
630
654
206
746
242
227
406
45
739
210
620
223
972
430
6
908
958
546
939
315
562
657
682
500
65
932
564
386
111
191
196
589
169
384
443
573
794
464
113
81
495
173
460
973
348
557
449
884
44
778
68
645
8
689
206
502
315
29
193
720
870
595
799
350
428
867
204
576
827
70
244
810
459
584
623
130
680
9
766
186
327
839
3
335
564
95
480
190
755
139
856
419
955
47
969
771
503
887
394
227
355
79
622
930
526
915
180
892
869
92
988
860
425
90
980
579
721
347
636
947
664
236
542
917
962
577
410
684
559
727
956
385
819
67
429
949
333
201
509
28
290
886
519
606
648
552
364
150
904
329
626
676
241
943
628
64
950
136
88
69
653
716
382
544
288
339
207
720
208
950
747
256
200
120
392
633
391
153
784
763
647
144
842
4
581
260
408
158
441
156
121
783
730
494
864
765
119
322
733
640
588
366
982
571
91
831
741
278
469
678
395
604
295
819
399
540
611
844
883
924
550
928
811
357
570
646
835
752
694
553
931
205
521
846
323
367
627
249
948
937
848
810
52
593
808
648
824
307
60
777
127
67
586
220
922
497
792
196
166
996
232
84
454
516
590
321
801
485
285
687
249
901
255
608
757
951
478
713
604
495
330
418
635
509
725
319
897
321
188
970
349
999
496
641
714
260
403
42
538
560
781
184
157
722
203
167
674
978
565
331
666
567
320
145
975
774
445
301
868
25
143
837
248
411
273
274
911
347
336
560
717
195
634
613
683
138
941
40
226
840
805
851
246
137
950
732
362
433
706
148
773
439
665
609
734
187
436
258
599
162
487
302
173
315
555
365
34
51
762
727
312
927
266
416
416
222
574
234
221
2
929
458
431
859
317
376
294
729
49
876
724
502
742
489
976
441
149
486
903
135
971
834
142
437
781
776
989
584
414
699
286
468
198
196
338
658
361
110
661
165
549
698
826
124
13
531
769
400
710
445
815
75
423
33
152
569
575
26
237
324
106
269
883
192
612
852
18
685
675
718
774
966
613
214
495
558
861
131
217
420
373
711
216
426
409
632
965
0
311
175
184
74
743
23
529
537
146
748
188
835
101
237
296
117
326
298
885
758
100
578
669
798
206
276
473
169
36
712
172
404
601
83
347
32
337
507
215
542
294
238
231
58
539
829
514
900
435
566
747
812
740
102
755
70
490
474
346
567
802
750
968
767
909
31
668
967
109
921
701
314
395
471
904
828
778
433
787
618
556
892
604
236
856
513
52
744
642
907
504
178
868
412
938
944
845
77
793
550
194
797
745
997
865
211
791
341
318
974
20
894
883
340
218
294
533
943
877
550
160
261
446
183
960
20
182
81
239
508
465
15
333
272
71
631
926
113
660
343
919
738
57
213
169
475
380
196
86
759
774
229
131
899
49
527
952
450
772
63
709
250
700
43
488
245
93
642
691
605
885
342
690
677
710
306
455
968
486
393
122
933
48
117
697
561
129
164
262
979
440
995
610
342
779
891
866
564
126
174
642
103
202
918
655
821
501
784
100
978
70
224
880
35
625
5
40
263
249
277
119
359
462
525
950
270
944
98
448
715
934
268
324
629
649
27
484
736
819
19
372
72
946
351
259
321
239
820
118
492
775
512
442
413
491
872
39
284
10
812
447
165
720
786
800
898
176
310
825
520
383
619
942
230
892
294
881
873
594
75
727
970
747
523
456
671
749
843
461
909
850
293
695
121
823
50
692
383
120
2
292
672
282
875
438
596
104
3 0
3 1
3 2
3 3
3 4
3 5
3 6
3 7
3 8
3 9
3 10
3 11
3 12
3 13
3 14
3 15
3 16
3 17
3 18
3 19
3 20
3 21
3 22
3 23
3 24
3 25
3 26
3 27
3 28
3 29
3 30
3 31
3 32
3 33
3 34
3 35
3 36
3 37
3 38
3 39
3 40
3 41
3 42
3 43
3 44
3 45
3 46
3 47
3 48
3 49
3 50
3 51
3 52
3 53
3 54
3 55
3 56
3 57
3 58
3 59
3 60
3 61
3 62
3 63
3 64
3 65
3 66
3 67
3 68
3 69
3 70
3 71
3 72
3 73
3 74
3 75
3 76
3 77
3 78
3 79
3 80
3 81
3 82
3 83
3 84
3 85
3 86
3 87
3 88
3 89
3 90
3 91
3 92
3 93
3 94
3 95
3 96
3 97
3 98
3 99
3 100
3 101
3 102
3 103
3 104
3 105
3 106
3 107
3 108
3 109
3 110
3 111
3 112
3 113
3 114
3 115
3 116
3 117
3 118
3 119
3 120
3 121
3 122
3 123
3 124
3 125
3 126
3 127
3 128
3 129
3 130
3 131
3 132
3 133
3 134
3 135
3 136
3 137
3 138
3 139
3 140
3 141
3 142
3 143
3 144
3 145
3 146
3 147
3 148
3 149
3 150
3 151
3 152
3 153
3 154
3 155
3 156
3 157
3 158
3 159
3 160
3 161
3 162
3 163
3 164
3 165
3 166
3 167
3 168
3 169
3 170
3 171
3 172
3 173
3 174
3 175
3 176
3 177
3 178
3 179
3 180
3 181
3 182
3 183
3 184
3 185
3 186
3 187
3 188
3 189
3 190
3 191
3 192
3 193
3 194
3 195
3 196
3 197
3 198
3 199
3 200
3 201
3 202
3 203
3 204
3 205
3 206
3 207
3 208
3 209
3 210
3 211
3 212
3 213
3 214
3 215
3 216
3 217
3 218
3 219
3 220
3 221
3 222
3 223
3 224
3 225
3 226
3 227
3 228
3 229
3 230
3 231
3 232
3 233
3 234
3 235
3 236
3 237
3 238
3 239
3 240
3 241
3 242
3 243
3 244
3 245
3 246
3 247
3 248
3 249
3 250
3 251
3 252
3 253
3 254
3 255
3 256
3 257
3 258
3 259
3 260
3 261
3 262
3 263
3 264
3 265
3 266
3 267
3 268
3 269
3 270
3 271
3 272
3 273
3 274
3 275
3 276
3 277
3 278
3 279
3 280
3 281
3 282
3 283
3 284
3 285
3 286
3 287
3 288
3 289
3 290
3 291
3 292
3 293
3 294
3 295
3 296
3 297
3 298
3 299
3 300
3 301
3 302
3 303
3 304
3 305
3 306
3 307
3 308
3 309
3 310
3 311
3 312
3 313
3 314
3 315
3 316
3 317
3 318
3 319
3 320
3 321
3 322
3 323
3 324
3 325
3 326
3 327
3 328
3 329
3 330
3 331
3 332
3 333
3 334
3 335
3 336
3 337
3 338
3 339
3 340
3 341
3 342
3 343
3 344
3 345
3 346
3 347
3 348
3 349
3 350
3 351
3 352
3 353
3 354
3 355
3 356
3 357
3 358
3 359
3 360
3 361
3 362
3 363
3 364
3 365
3 366
3 367
3 368
3 369
3 370
3 371
3 372
3 373
3 374
3 375
3 376
3 377
3 378
3 379
3 380
3 381
3 382
3 383
3 384
3 385
3 386
3 387
3 388
3 389
3 390
3 391
3 392
3 393
3 394
3 395
3 396
3 397
3 398
3 399
3 400
3 401
3 402
3 403
3 404
3 405
3 406
3 407
3 408
3 409
3 410
3 411
3 412
3 413
3 414
3 415
3 416
3 417
3 418
3 419
3 420
3 421
3 422
3 423
3 424
3 425
3 426
3 427
3 428
3 429
3 430
3 431
3 432
3 433
3 434
3 435
3 436
3 437
3 438
3 439
3 440
3 441
3 442
3 443
3 444
3 445
3 446
3 447
3 448
3 449
3 450
3 451
3 452
3 453
3 454
3 455
3 456
3 457
3 458
3 459
3 460
3 461
3 462
3 463
3 464
3 465
3 466
3 467
3 468
3 469
3 470
3 471
3 472
3 473
3 474
3 475
3 476
3 477
3 478
3 479
3 480
3 481
3 482
3 483
3 484
3 485
3 486
3 487
3 488
3 489
3 490
3 491
3 492
3 493
3 494
3 495
3 496
3 497
3 498
3 499
3 500
3 501
3 502
3 503
3 504
3 505
3 506
3 507
3 508
3 509
3 510
3 511
3 512
3 513
3 514
3 515
3 516
3 517
3 518
3 519
3 520
3 521
3 522
3 523
3 524
3 525
3 526
3 527
3 528
3 529
3 530
3 531
3 532
3 533
3 534
3 535
3 536
3 537
3 538
3 539
3 540
3 541
3 542
3 543
3 544
3 545
3 546
3 547
3 548
3 549
3 550
3 551
3 552
3 553
3 554
3 555
3 556
3 557
3 558
3 559
3 560
3 561
3 562
3 563
3 564
3 565
3 566
3 567
3 568
3 569
3 570
3 571
3 572
3 573
3 574
3 575
3 576
3 577
3 578
3 579
3 580
3 581
3 582
3 583
3 584
3 585
3 586
3 587
3 588
3 589
3 590
3 591
3 592
3 593
3 594
3 595
3 596
3 597
3 598
3 599
3 600
3 601
3 602
3 603
3 604
3 605
3 606
3 607
3 608
3 609
3 610
3 611
3 612
3 613
3 614
3 615
3 616
3 617
3 618
3 619
3 620
3 621
3 622
3 623
3 624
3 625
3 626
3 627
3 628
3 629
3 630
3 631
3 632
3 633
3 634
3 635
3 636
3 637
3 638
3 639
3 640
3 641
3 642
3 643
3 644
3 645
3 646
3 647
3 648
3 649
3 650
3 651
3 652
3 653
3 654
3 655
3 656
3 657
3 658
3 659
3 660
3 661
3 662
3 663
3 664
3 665
3 666
3 667
3 668
3 669
3 670
3 671
3 672
3 673
3 674
3 675
3 676
3 677
3 678
3 679
3 680
3 681
3 682
3 683
3 684
3 685
3 686
3 687
3 688
3 689
3 690
3 691
3 692
3 693
3 694
3 695
3 696
3 697
3 698
3 699
3 700
3 701
3 702
3 703
3 704
3 705
3 706
3 707
3 708
3 709
3 710
3 711
3 712
3 713
3 714
3 715
3 716
3 717
3 718
3 719
3 720
3 721
3 722
3 723
3 724
3 725
3 726
3 727
3 728
3 729
3 730
3 731
3 732
3 733
3 734
3 735
3 736
3 737
3 738
3 739
3 740
3 741
3 742
3 743
3 744
3 745
3 746
3 747
3 748
3 749
3 750
3 751
3 752
3 753
3 754
3 755
3 756
3 757
3 758
3 759
3 760
3 761
3 762
3 763
3 764
3 765
3 766
3 767
3 768
3 769
3 770
3 771
3 772
3 773
3 774
3 775
3 776
3 777
3 778
3 779
3 780
3 781
3 782
3 783
3 784
3 785
3 786
3 787
3 788
3 789
3 790
3 791
3 792
3 793
3 794
3 795
3 796
3 797
3 798
3 799
3 800
3 801
3 802
3 803
3 804
3 805
3 806
3 807
3 808
3 809
3 810
3 811
3 812
3 813
3 814
3 815
3 816
3 817
3 818
3 819
3 820
3 821
3 822
3 823
3 824
3 825
3 826
3 827
3 828
3 829
3 830
3 831
3 832
3 833
3 834
3 835
3 836
3 837
3 838
3 839
3 840
3 841
3 842
3 843
3 844
3 845
3 846
3 847
3 848
3 849
3 850
3 851
3 852
3 853
3 854
3 855
3 856
3 857
3 858
3 859
3 860
3 861
3 862
3 863
3 864
3 865
3 866
3 867
3 868
3 869
3 870
3 871
3 872
3 873
3 874
3 875
3 876
3 877
3 878
3 879
3 880
3 881
3 882
3 883
3 884
3 885
3 886
3 887
3 888
3 889
3 890
3 891
3 892
3 893
3 894
3 895
3 896
3 897
3 898
3 899
3 900
3 901
3 902
3 903
3 904
3 905
3 906
3 907
3 908
3 909
3 910
3 911
3 912
3 913
3 914
3 915
3 916
3 917
3 918
3 919
3 920
3 921
3 922
3 923
3 924
3 925
3 926
3 927
3 928
3 929
3 930
3 931
3 932
3 933
3 934
3 935
3 936
3 937
3 938
3 939
3 940
3 941
3 942
3 943
3 944
3 945
3 946
3 947
3 948
3 949
3 950
3 951
3 952
3 953
3 954
3 955
3 956
3 957
3 958
3 959
3 960
3 961
3 962
3 963
3 964
3 965
3 966
3 967
3 968
3 969
3 970
3 971
3 972
3 973
3 974
3 975
3 976
3 977
3 978
3 979
3 980
3 981
3 982
3 983
3 984
3 985
3 986
3 987
3 988
3 989
3 990
3 991
3 992
3 993
3 994
3 995
3 996
3 997
3 998
3 999
1000 1000
832
104
783
306
144
469
98
344
904
768
77
366
561
512
263
924
882
705
488
634
178
770
189
843
391
57
278
954
564
888
804
521
309
347
258
26
305
901
166
340
994
782
312
795
318
334
195
608
27
138
864
83
892
552
872
360
540
858
603
614
134
867
691
632
535
725
482
316
604
32
880
719
508
417
526
507
384
392
339
599
119
664
952
167
655
106
49
103
73
961
585
761
635
531
228
877
222
837
507
786
38
776
15
941
54
624
76
418
642
753
365
497
524
755
166
594
14
400
385
35
940
443
17
518
863
50
317
503
268
217
426
255
857
650
383
960
699
411
412
504
949
820
679
593
590
834
285
298
350
10
665
369
383
228
289
434
894
714
65
800
71
929
806
396
779
802
436
348
982
505
149
12
449
533
848
322
879
346
743
948
558
842
7
737
182
357
301
631
805
499
266
789
127
781
260
535
879
246
850
168
649
186
473
636
462
332
310
878
861
335
414
224
120
125
436
571
172
574
875
89
456
32
72
674
251
447
105
17
98
194
474
55
870
606
337
598
218
652
893
819
295
544
250
208
520
360
793
42
171
380
724
584
247
304
74
358
956
108
950
356
924
581
112
257
427
79
32
190
146
684
132
839
75
996
214
560
869
600
352
507
265
486
85
390
515
638
891
796
656
741
135
152
730
260
399
829
409
478
899
700
481
790
635
710
50
459
617
4
145
228
52
90
484
471
717
195
489
422
985
245
142
148
474
846
677
419
291
212
249
429
410
948
836
613
264
890
94
321
209
284
653
307
853
211
606
516
976
407
701
444
935
145
203
868
169
152
163
371
164
854
26
510
876
589
198
281
668
551
992
236
681
260
389
368
424
891
563
79
621
197
981
3
27
373
130
583
752
784
698
202
370
510
412
715
774
663
120
174
397
738
708
692
110
291
97
458
208
494
490
313
293
271
803
618
39
244
573
274
785
495
903
368
669
233
496
320
991
292
333
860
232
331
8
425
756
477
548
535
604
2
470
128
136
156
876
320
305
551
539
598
89
353
881
457
588
204
585
381
866
431
163
910
693
262
835
25
253
886
897
971
611
532
436
896
855
517
500
493
766
782
945
704
776
53
889
356
529
702
912
60
963
604
114
498
959
934
195
404
270
46
520
812
19
538
706
978
143
757
830
713
575
733
788
199
362
21
248
416
294
721
291
925
501
292
644
300
935
601
440
813
497
465
375
161
479
326
686
606
950
923
620
556
455
883
458
208
269
609
920
667
673
993
491
181
646
451
59
986
746
709
72
676
338
973
117
937
24
290
251
158
46
532
30
395
936
643
126
327
607
687
232
614
331
13
229
866
37
102
86
6
616
661
999
368
184
751
654
289
753
769
200
350
542
661
591
514
452
995
226
272
303
153
662
233
37
763
267
748
387
345
553
506
654
155
557
166
834
771
728
501
764
917
962
47
563
973
771
207
844
51
415
336
832
977
315
735
492
983
129
794
639
688
578
448
17
760
361
619
953
726
930
544
838
659
675
23
272
703
100
801
824
283
439
88
900
610
333
629
989
823
44
355
541
494
873
62
810
376
951
734
389
630
851
480
454
648
107
243
792
938
532
570
353
866
861
382
762
550
852
29
582
231
402
825
260
822
405
223
58
360
442
957
963
689
718
87
778
432
410
147
291
213
238
537
643
871
965
259
43
955
183
374
159
773
263
610
276
287
215
180
439
644
661
428
887
393
998
331
213
602
544
443
354
261
861
596
671
176
140
587
647
958
239
363
7
118
536
706
507
821
160
747
729
240
977
997
237
865
987
772
856
597
351
69
507
798
68
828
299
622
670
40
522
734
235
386
743
969
720
420
606
966
241
437
909
338
461
543
282
592
914
234
254
407
328
277
595
193
942
472
831
64
221
907
460
902
984
185
242
378
745
633
260
17
16
398
781
343
683
396
626
485
84
237
666
545
412
527
80
95
918
604
566
932
383
279
37
157
22
124
94
428
627
988
721
645
975
833
752
727
1
319
245
845
789
456
364
52
109
286
787
406
711
56
554
723
511
230
911
849
170
33
694
643
46
216
394
697
979
547
926
386
246
347
179
379
673
974
153
403
251
919
943
438
392
141
11
113
196
27
641
569
331
913
201
114
964
744
809
154
148
421
308
34
577
866
568
151
302
82
228
483
895
483
46
142
859
990
467
227
109
970
625
431
716
634
1
509
847
523
120
933
513
753
5
946
122
700
886
252
897
635
413
48
968
67
208
92
173
141
532
203
0
63
423
494
101
150
780
586
3 0
3 1
3 2
3 3
3 4
3 5
3 6
3 7
3 8
3 9
3 10
3 11
3 12
3 13
3 14
3 15
3 16
3 17
3 18
3 19
3 20
3 21
3 22
3 23
3 24
3 25
3 26
3 27
3 28
3 29
3 30
3 31
3 32
3 33
3 34
3 35
3 36
3 37
3 38
3 39
3 40
3 41
3 42
3 43
3 44
3 45
3 46
3 47
3 48
3 49
3 50
3 51
3 52
3 53
3 54
3 55
3 56
3 57
3 58
3 59
3 60
3 61
3 62
3 63
3 64
3 65
3 66
3 67
3 68
3 69
3 70
3 71
3 72
3 73
3 74
3 75
3 76
3 77
3 78
3 79
3 80
3 81
3 82
3 83
3 84
3 85
3 86
3 87
3 88
3 89
3 90
3 91
3 92
3 93
3 94
3 95
3 96
3 97
3 98
3 99
3 100
3 101
3 102
3 103
3 104
3 105
3 106
3 107
3 108
3 109
3 110
3 111
3 112
3 113
3 114
3 115
3 116
3 117
3 118
3 119
3 120
3 121
3 122
3 123
3 124
3 125
3 126
3 127
3 128
3 129
3 130
3 131
3 132
3 133
3 134
3 135
3 136
3 137
3 138
3 139
3 140
3 141
3 142
3 143
3 144
3 145
3 146
3 147
3 148
3 149
3 150
3 151
3 152
3 153
3 154
3 155
3 156
3 157
3 158
3 159
3 160
3 161
3 162
3 163
3 164
3 165
3 166
3 167
3 168
3 169
3 170
3 171
3 172
3 173
3 174
3 175
3 176
3 177
3 178
3 179
3 180
3 181
3 182
3 183
3 184
3 185
3 186
3 187
3 188
3 189
3 190
3 191
3 192
3 193
3 194
3 195
3 196
3 197
3 198
3 199
3 200
3 201
3 202
3 203
3 204
3 205
3 206
3 207
3 208
3 209
3 210
3 211
3 212
3 213
3 214
3 215
3 216
3 217
3 218
3 219
3 220
3 221
3 222
3 223
3 224
3 225
3 226
3 227
3 228
3 229
3 230
3 231
3 232
3 233
3 234
3 235
3 236
3 237
3 238
3 239
3 240
3 241
3 242
3 243
3 244
3 245
3 246
3 247
3 248
3 249
3 250
3 251
3 252
3 253
3 254
3 255
3 256
3 257
3 258
3 259
3 260
3 261
3 262
3 263
3 264
3 265
3 266
3 267
3 268
3 269
3 270
3 271
3 272
3 273
3 274
3 275
3 276
3 277
3 278
3 279
3 280
3 281
3 282
3 283
3 284
3 285
3 286
3 287
3 288
3 289
3 290
3 291
3 292
3 293
3 294
3 295
3 296
3 297
3 298
3 299
3 300
3 301
3 302
3 303
3 304
3 305
3 306
3 307
3 308
3 309
3 310
3 311
3 312
3 313
3 314
3 315
3 316
3 317
3 318
3 319
3 320
3 321
3 322
3 323
3 324
3 325
3 326
3 327
3 328
3 329
3 330
3 331
3 332
3 333
3 334
3 335
3 336
3 337
3 338
3 339
3 340
3 341
3 342
3 343
3 344
3 345
3 346
3 347
3 348
3 349
3 350
3 351
3 352
3 353
3 354
3 355
3 356
3 357
3 358
3 359
3 360
3 361
3 362
3 363
3 364
3 365
3 366
3 367
3 368
3 369
3 370
3 371
3 372
3 373
3 374
3 375
3 376
3 377
3 378
3 379
3 380
3 381
3 382
3 383
3 384
3 385
3 386
3 387
3 388
3 389
3 390
3 391
3 392
3 393
3 394
3 395
3 396
3 397
3 398
3 399
3 400
3 401
3 402
3 403
3 404
3 405
3 406
3 407
3 408
3 409
3 410
3 411
3 412
3 413
3 414
3 415
3 416
3 417
3 418
3 419
3 420
3 421
3 422
3 423
3 424
3 425
3 426
3 427
3 428
3 429
3 430
3 431
3 432
3 433
3 434
3 435
3 436
3 437
3 438
3 439
3 440
3 441
3 442
3 443
3 444
3 445
3 446
3 447
3 448
3 449
3 450
3 451
3 452
3 453
3 454
3 455
3 456
3 457
3 458
3 459
3 460
3 461
3 462
3 463
3 464
3 465
3 466
3 467
3 468
3 469
3 470
3 471
3 472
3 473
3 474
3 475
3 476
3 477
3 478
3 479
3 480
3 481
3 482
3 483
3 484
3 485
3 486
3 487
3 488
3 489
3 490
3 491
3 492
3 493
3 494
3 495
3 496
3 497
3 498
3 499
3 500
3 501
3 502
3 503
3 504
3 505
3 506
3 507
3 508
3 509
3 510
3 511
3 512
3 513
3 514
3 515
3 516
3 517
3 518
3 519
3 520
3 521
3 522
3 523
3 524
3 525
3 526
3 527
3 528
3 529
3 530
3 531
3 532
3 533
3 534
3 535
3 536
3 537
3 538
3 539
3 540
3 541
3 542
3 543
3 544
3 545
3 546
3 547
3 548
3 549
3 550
3 551
3 552
3 553
3 554
3 555
3 556
3 557
3 558
3 559
3 560
3 561
3 562
3 563
3 564
3 565
3 566
3 567
3 568
3 569
3 570
3 571
3 572
3 573
3 574
3 575
3 576
3 577
3 578
3 579
3 580
3 581
3 582
3 583
3 584
3 585
3 586
3 587
3 588
3 589
3 590
3 591
3 592
3 593
3 594
3 595
3 596
3 597
3 598
3 599
3 600
3 601
3 602
3 603
3 604
3 605
3 606
3 607
3 608
3 609
3 610
3 611
3 612
3 613
3 614
3 615
3 616
3 617
3 618
3 619
3 620
3 621
3 622
3 623
3 624
3 625
3 626
3 627
3 628
3 629
3 630
3 631
3 632
3 633
3 634
3 635
3 636
3 637
3 638
3 639
3 640
3 641
3 642
3 643
3 644
3 645
3 646
3 647
3 648
3 649
3 650
3 651
3 652
3 653
3 654
3 655
3 656
3 657
3 658
3 659
3 660
3 661
3 662
3 663
3 664
3 665
3 666
3 667
3 668
3 669
3 670
3 671
3 672
3 673
3 674
3 675
3 676
3 677
3 678
3 679
3 680
3 681
3 682
3 683
3 684
3 685
3 686
3 687
3 688
3 689
3 690
3 691
3 692
3 693
3 694
3 695
3 696
3 697
3 698
3 699
3 700
3 701
3 702
3 703
3 704
3 705
3 706
3 707
3 708
3 709
3 710
3 711
3 712
3 713
3 714
3 715
3 716
3 717
3 718
3 719
3 720
3 721
3 722
3 723
3 724
3 725
3 726
3 727
3 728
3 729
3 730
3 731
3 732
3 733
3 734
3 735
3 736
3 737
3 738
3 739
3 740
3 741
3 742
3 743
3 744
3 745
3 746
3 747
3 748
3 749
3 750
3 751
3 752
3 753
3 754
3 755
3 756
3 757
3 758
3 759
3 760
3 761
3 762
3 763
3 764
3 765
3 766
3 767
3 768
3 769
3 770
3 771
3 772
3 773
3 774
3 775
3 776
3 777
3 778
3 779
3 780
3 781
3 782
3 783
3 784
3 785
3 786
3 787
3 788
3 789
3 790
3 791
3 792
3 793
3 794
3 795
3 796
3 797
3 798
3 799
3 800
3 801
3 802
3 803
3 804
3 805
3 806
3 807
3 808
3 809
3 810
3 811
3 812
3 813
3 814
3 815
3 816
3 817
3 818
3 819
3 820
3 821
3 822
3 823
3 824
3 825
3 826
3 827
3 828
3 829
3 830
3 831
3 832
3 833
3 834
3 835
3 836
3 837
3 838
3 839
3 840
3 841
3 842
3 843
3 844
3 845
3 846
3 847
3 848
3 849
3 850
3 851
3 852
3 853
3 854
3 855
3 856
3 857
3 858
3 859
3 860
3 861
3 862
3 863
3 864
3 865
3 866
3 867
3 868
3 869
3 870
3 871
3 872
3 873
3 874
3 875
3 876
3 877
3 878
3 879
3 880
3 881
3 882
3 883
3 884
3 885
3 886
3 887
3 888
3 889
3 890
3 891
3 892
3 893
3 894
3 895
3 896
3 897
3 898
3 899
3 900
3 901
3 902
3 903
3 904
3 905
3 906
3 907
3 908
3 909
3 910
3 911
3 912
3 913
3 914
3 915
3 916
3 917
3 918
3 919
3 920
3 921
3 922
3 923
3 924
3 925
3 926
3 927
3 928
3 929
3 930
3 931
3 932
3 933
3 934
3 935
3 936
3 937
3 938
3 939
3 940
3 941
3 942
3 943
3 944
3 945
3 946
3 947
3 948
3 949
3 950
3 951
3 952
3 953
3 954
3 955
3 956
3 957
3 958
3 959
3 960
3 961
3 962
3 963
3 964
3 965
3 966
3 967
3 968
3 969
3 970
3 971
3 972
3 973
3 974
3 975
3 976
3 977
3 978
3 979
3 980
3 981
3 982
3 983
3 984
3 985
3 986
3 987
3 988
3 989
3 990
3 991
3 992
3 993
3 994
3 995
3 996
3 997
3 998
3 999
