5
1000 1000
643
498
859
423
675
565
61
105
348
877
187
266
943
6
410
625
697
640
210
545
372
667
913
248
410
417
825
213
55
322
811
600
2
987
5
301
422
452
835
328
85
204
94
699
560
649
887
123
983
292
255
188
860
359
126
945
855
843
15
65
872
31
314
451
192
318
92
126
869
897
230
591
990
540
525
70
552
767
207
516
628
644
254
37
512
759
964
108
198
734
101
290
122
606
674
452
30
562
552
181
280
363
774
930
642
787
561
220
498
240
822
56
186
252
491
64
792
401
666
33
592
313
756
512
707
458
908
251
931
82
961
568
76
208
42
144
131
409
493
206
823
53
382
501
878
507
439
772
497
241
390
868
586
7
549
704
427
302
656
849
880
585
407
265
140
831
7
361
149
848
572
446
191
614
401
298
588
161
221
794
635
917
656
405
46
755
496
160
425
90
189
917
163
267
764
366
579
27
710
289
775
228
618
648
755
977
51
35
183
653
438
147
400
180
45
412
851
856
658
142
453
506
244
861
599
443
181
668
202
428
978
125
201
528
424
43
519
562
755
603
940
472
923
357
320
494
542
677
956
523
963
132
463
817
228
570
982
742
317
584
265
985
477
524
246
371
886
77
249
822
921
377
847
181
973
399
939
9
384
703
546
358
414
770
533
1
386
765
753
232
941
269
488
430
111
997
142
749
295
845
598
47
885
790
965
972
135
104
821
610
900
200
116
551
99
903
73
97
474
733
22
509
17
165
967
129
155
109
37
185
226
904
212
984
471
265
177
871
291
651
452
721
439
448
459
430
392
523
106
234
450
728
336
154
147
250
987
144
119
129
693
133
352
284
96
935
75
113
763
929
307
373
982
790
874
587
343
932
709
805
636
539
359
968
302
750
906
678
700
40
214
185
773
831
862
273
485
611
924
6
24
19
74
743
237
552
807
985
157
793
754
833
367
673
696
464
388
172
351
170
96
161
796
748
14
719
711
442
608
378
179
902
444
110
11
219
308
851
20
296
58
858
261
604
638
966
201
629
820
852
300
879
380
447
409
389
399
135
118
887
408
854
698
219
492
970
525
688
372
473
578
723
750
745
614
816
724
919
515
253
659
502
582
415
879
468
620
897
435
899
379
304
739
153
115
80
83
121
980
158
462
695
779
559
209
927
387
713
511
776
71
878
592
766
21
84
981
709
861
645
256
954
285
303
167
397
227
672
662
495
995
755
754
800
62
416
605
222
197
723
935
93
398
785
513
636
250
219
370
647
141
948
745
529
484
319
123
813
613
782
950
504
617
61
827
233
530
720
403
814
738
685
142
799
476
3
718
806
857
385
858
329
239
907
341
83
678
28
174
466
760
205
435
199
394
853
16
367
826
520
564
725
312
349
564
223
550
331
374
544
744
393
10
271
873
518
769
211
63
919
66
616
605
882
614
717
26
18
532
410
437
637
356
554
242
642
558
772
169
614
992
664
949
533
48
828
154
960
922
120
68
256
347
486
88
270
627
631
917
476
636
812
982
202
29
81
103
813
997
533
216
831
992
630
920
936
478
391
951
219
89
758
659
706
276
876
531
130
695
143
962
834
448
680
163
52
798
183
111
325
994
260
597
670
39
661
882
510
799
469
888
34
436
264
224
274
517
273
988
751
268
563
288
671
225
376
875
395
619
162
694
837
955
730
127
396
404
652
757
527
881
946
695
13
691
281
809
4
273
391
928
914
665
818
585
468
727
979
512
37
283
589
580
278
61
686
687
694
937
454
12
193
889
735
870
547
832
266
514
456
703
938
333
150
335
701
274
556
350
152
831
247
461
639
657
361
538
100
95
14
849
110
851
905
236
804
974
159
257
623
993
332
976
800
112
837
36
771
245
315
451
218
98
121
107
912
808
802
624
729
865
695
819
603
676
390
479
79
151
969
701
702
641
451
982
884
580
137
548
183
475
694
194
553
633
180
975
375
311
383
123
57
541
426
460
355
838
898
455
752
421
795
842
0
632
692
238
590
0
213
287
326
406
59
32
66
555
942
916
275
139
953
128
166
595
492
72
346
944
926
481
86
428
784
365
998
310
781
907
957
429
25
569
689
0
323
49
297
801
119
732
824
41
756
708
583
557
117
6
576
844
660
354
87
901
679
883
294
451
839
47
712
183
613
516
663
459
416
66
885
895
790
184
959
295
467
681
326
345
363
596
410
359
271
512
581
339
296
669
999
171
933
262
260
684
330
911
690
810
791
254
949
527
119
892
297
231
573
129
716
340
609
639
173
634
965
991
380
136
31
4 671 74
4 269 41
4 194 703
4 817 439
4 274 983
4 876 879
4 360 433
4 947 921
4 757 356
4 526 618
4 187 663
4 746 922
4 188 654
4 92 514
4 801 101
4 964 729
4 669 96
4 41 188
4 665 375
4 60 967
4 211 920
4 169 914
4 306 339
4 476 534
4 802 800
4 707 581
4 23 657
4 111 882
4 829 698
4 413 785
4 678 971
4 255 934
4 436 835
4 850 722
4 601 865
4 380 127
4 223 841
4 360 900
4 572 364
4 52 229
4 668 871
4 39 222
4 923 309
4 350 328
4 915 900
4 27 415
4 328 946
4 223 83
4 214 121
4 668 746
4 459 947
4 671 507
4 773 491
4 948 671
4 563 647
4 984 327
4 437 73
4 700 661
4 76 95
4 563 743
4 696 168
4 611 515
4 619 876
4 766 157
4 376 67
4 533 441
4 285 88
4 830 151
4 469 459
4 354 537
4 528 748
4 522 779
4 390 543
4 729 827
4 265 514
4 330 744
4 20 355
4 253 334
4 864 638
4 261 467
4 850 14
4 233 356
4 959 152
4 228 123
4 465 883
4 67 572
4 125 498
4 345 214
4 231 303
4 333 103
4 143 966
4 578 561
4 403 888
4 838 249
4 132 738
4 220 149
4 475 307
4 598 238
4 692 663
4 430 386
4 460 91
4 525 729
4 829 611
4 531 531
4 921 854
4 97 951
4 514 692
4 455 508
4 991 502
4 388 639
4 750 648
4 883 869
4 423 236
4 971 353
4 966 809
4 917 440
4 375 715
4 416 374
4 630 422
4 511 996
4 265 494
4 751 975
4 421 304
4 744 553
4 253 100
4 76 720
4 690 557
4 745 290
4 983 674
4 727 244
4 726 328
4 654 549
4 114 890
4 806 788
4 796 842
4 125 510
4 934 517
4 959 755
4 633 260
4 305 982
4 401 454
4 0 944
4 103 243
4 569 823
4 100 996
4 617 194
4 792 841
4 772 229
4 217 133
4 663 194
4 582 219
4 183 248
4 793 954
4 616 976
4 420 258
4 759 361
4 661 159
4 764 890
4 186 157
4 774 833
4 409 340
4 586 645
4 367 432
4 229 674
4 921 43
4 510 746
4 388 493
4 763 725
4 522 330
4 685 264
4 279 629
4 83 42
4 334 866
4 881 423
4 729 675
4 612 53
4 649 217
4 883 596
4 644 976
4 694 317
4 938 260
4 363 725
4 834 171
4 459 438
4 981 457
4 166 906
4 427 474
4 693 815
4 502 552
4 222 552
4 415 609
4 362 972
4 158 221
4 328 721
4 446 80
4 80 548
4 498 540
4 286 973
4 307 4
4 876 124
4 318 510
4 708 287
4 541 864
4 804 183
4 340 34
4 495 382
4 117 851
4 458 57
4 988 470
4 50 960
4 102 677
4 554 812
4 801 162
4 504 254
4 799 156
4 873 15
4 761 952
4 182 17
4 605 0
4 997 796
4 529 794
4 101 793
4 464 801
4 945 402
4 512 822
4 212 632
4 627 293
4 395 667
4 568 318
4 530 819
4 355 69
4 707 128
4 372 765
4 485 737
4 516 996
4 845 254
4 952 919
4 975 831
4 584 590
4 122 260
4 210 440
4 325 717
4 253 506
4 501 878
4 970 990
4 59 603
4 130 496
4 613 961
4 790 152
4 31 333
4 823 126
4 220 763
4 539 200
4 316 308
4 902 622
4 525 422
4 183 283
4 233 429
4 127 578
4 617 397
4 693 470
4 418 926
4 24 650
4 101 928
4 197 571
4 870 718
4 526 452
4 630 333
4 961 491
4 709 796
4 281 967
4 843 82
4 388 24
4 930 585
4 146 400
4 818 775
4 875 677
4 797 109
4 566 948
4 251 777
4 972 252
4 919 880
4 553 641
4 414 840
4 400 778
4 942 451
4 221 429
4 789 35
4 499 306
4 451 421
4 503 66
4 812 627
4 486 11
4 596 482
4 446 736
4 813 37
4 497 935
4 16 499
4 291 232
4 772 986
4 191 755
4 839 392
4 418 823
4 518 934
4 236 252
4 552 685
4 503 157
4 793 327
4 565 598
4 237 897
4 267 743
4 44 606
4 623 75
4 580 53
4 37 519
4 412 141
4 93 294
4 927 3
4 155 854
4 991 621
4 352 975
4 16 216
4 770 266
4 522 608
4 627 368
4 658 766
4 301 205
4 207 371
4 548 737
4 735 403
4 353 373
4 265 362
4 481 855
4 575 15
4 627 822
4 117 108
4 922 623
4 223 324
4 73 129
4 207 7
4 721 676
4 124 231
4 89 851
4 521 311
4 330 220
4 289 742
4 939 692
4 877 638
4 14 990
4 859 294
4 113 888
4 554 435
4 511 434
4 514 365
4 754 864
4 277 858
4 782 674
4 586 279
4 144 708
4 703 834
4 477 252
4 954 625
4 407 476
4 684 923
4 964 291
4 45 794
4 412 746
4 951 940
4 163 603
4 326 531
4 978 298
4 442 383
4 311 207
4 312 706
4 365 673
4 837 382
4 78 339
4 564 536
4 848 506
4 445 340
4 319 663
4 45 575
4 99 740
4 906 722
4 261 868
4 429 954
4 67 354
4 840 193
4 623 713
4 949 459
4 21 370
4 483 104
4 439 531
4 739 435
4 60 469
4 576 675
4 247 169
4 790 326
4 865 926
4 766 769
4 454 546
4 790 164
4 46 537
4 7 225
4 830 948
4 307 956
4 164 828
4 476 36
4 611 770
4 375 757
4 652 765
4 728 132
4 866 342
4 390 757
4 903 463
4 786 912
4 219 186
4 225 683
4 879 980
4 298 837
4 92 718
4 785 20
4 899 664
4 458 461
4 302 325
4 734 24
4 815 387
4 673 421
4 774 869
4 863 244
4 697 101
4 434 240
4 420 473
4 144 404
4 101 542
4 389 593
4 121 894
4 647 327
4 963 63
4 800 759
4 639 372
4 291 868
4 928 767
4 632 688
4 410 892
4 301 814
4 139 907
4 415 412
4 224 315
4 90 183
4 495 23
4 613 62
4 876 432
4 390 904
4 581 736
4 526 37
4 72 265
4 38 49
4 421 565
4 867 56
4 900 841
4 209 201
4 66 574
4 84 772
4 493 710
4 636 898
4 485 240
4 182 558
4 273 773
4 578 412
4 844 90
4 924 896
4 312 414
4 448 834
4 136 417
4 651 188
4 359 31
4 759 98
4 101 31
4 956 324
4 207 635
4 224 631
4 342 91
4 338 142
4 989 211
4 159 755
4 438 604
4 607 620
4 346 597
4 562 101
4 14 93
4 910 19
4 819 542
4 289 609
4 1 474
4 154 462
4 15 600
4 918 676
4 174 470
4 763 285
4 805 719
4 780 957
4 392 398
4 907 718
4 264 177
4 645 273
4 777 981
4 53 767
4 930 1
4 940 197
4 807 745
4 143 822
4 275 953
4 773 352
4 79 607
4 910 173
4 701 581
4 525 684
4 340 320
4 108 311
4 629 170
4 456 899
4 102 796
4 906 270
4 448 356
4 181 69
4 69 438
4 601 682
4 10 397
4 460 548
4 433 783
4 355 786
4 57 524
4 50 549
4 987 25
4 201 163
4 792 551
4 54 751
4 225 285
4 100 353
4 471 411
4 965 518
4 756 954
4 42 437
4 2 92
4 774 565
4 997 234
4 571 177
4 607 722
4 777 881
4 434 181
4 305 950
4 672 55
4 211 768
4 51 949
4 401 504
4 962 422
4 64 170
4 183 223
4 661 455
4 792 360
4 18 743
4 677 303
4 811 697
4 713 759
4 6 274
4 827 964
4 556 980
4 996 714
4 538 389
4 138 747
4 183 763
4 47 559
4 626 236
4 485 599
4 275 558
4 802 873
4 628 23
4 842 106
4 912 180
4 531 78
4 676 505
4 539 848
4 454 748
4 181 757
4 677 191
4 539 940
4 249 390
4 416 106
4 574 521
4 526 490
4 721 445
4 962 602
4 341 784
4 494 203
4 858 276
4 625 961
4 998 536
4 635 554
4 951 291
4 421 921
4 25 310
4 809 236
4 739 862
4 302 477
4 333 429
4 169 843
4 785 285
4 762 851
4 296 409
4 767 851
4 976 753
4 693 982
4 276 77
4 860 156
4 629 731
4 911 452
4 532 663
4 609 851
4 541 274
4 529 784
4 451 166
4 920 710
4 527 836
4 994 817
4 7 7
4 425 334
4 925 803
4 682 804
4 587 228
4 952 73
4 75 402
4 730 507
4 215 967
4 387 275
4 980 711
4 105 542
4 552 57
4 986 241
4 768 472
4 606 921
4 453 207
4 152 745
4 602 292
4 175 492
4 924 146
4 583 577
4 947 691
4 6 366
4 373 258
4 506 756
4 190 586
4 313 905
4 736 841
4 654 62
4 321 102
4 415 677
4 242 613
4 96 933
4 837 567
4 436 205
4 799 529
4 824 671
4 573 711
4 936 95
4 895 891
4 324 930
4 574 480
4 307 733
4 253 551
4 693 586
4 489 631
4 215 651
4 426 797
4 557 624
4 709 582
4 922 626
4 208 27
4 617 840
4 407 26
4 256 690
4 11 154
4 664 59
4 976 834
4 266 734
4 172 113
4 127 767
4 596 831
4 845 277
4 538 160
4 248 36
4 557 362
4 914 239
4 362 289
4 597 83
4 372 158
4 905 769
4 11 281
4 96 101
4 475 618
4 68 862
4 384 63
4 669 949
4 901 997
4 492 625
4 50 930
4 437 514
4 537 737
4 450 499
4 811 573
4 123 501
4 652 598
4 174 858
4 556 829
4 446 275
4 688 966
4 917 353
4 313 663
4 147 200
4 135 324
4 284 580
4 838 644
4 317 716
4 68 713
4 285 814
4 177 515
4 638 446
4 41 872
4 541 608
4 653 313
4 550 190
4 867 973
4 697 534
4 489 181
4 399 248
4 822 47
4 905 848
4 703 162
4 72 16
4 961 824
4 683 930
4 175 907
4 170 858
4 582 907
4 734 371
4 810 817
4 767 182
4 271 249
4 575 670
4 997 981
4 213 8
4 774 365
4 445 337
4 386 963
4 970 349
4 335 636
4 88 741
4 666 362
4 60 515
4 989 45
4 812 805
4 914 726
4 607 451
4 834 805
4 532 461
4 987 940
4 595 628
4 193 515
4 680 7
4 928 825
4 212 505
4 663 260
4 290 855
4 554 212
4 987 486
4 106 372
4 400 119
4 605 750
4 499 398
4 201 648
4 513 591
4 770 71
4 323 577
4 123 850
4 339 426
4 165 604
4 949 841
4 608 539
4 169 618
4 177 423
4 380 382
4 777 124
4 788 280
4 592 40
4 837 735
4 613 539
4 567 176
4 672 226
4 870 579
4 291 632
4 106 835
4 784 713
4 972 330
4 610 765
4 334 499
4 80 70
4 887 534
4 109 659
4 982 480
4 542 866
4 187 185
4 118 381
4 963 374
4 641 712
4 314 509
4 959 21
4 204 960
4 766 16
4 470 434
4 519 397
4 537 543
4 343 750
4 572 488
4 720 32
4 717 656
4 135 100
4 384 546
4 303 132
4 485 155
4 456 960
4 461 649
4 82 535
4 116 509
4 392 172
4 16 24
4 989 482
4 422 5
4 70 838
4 691 284
4 601 261
4 925 918
4 960 171
4 833 372
4 336 470
4 966 773
4 260 90
4 237 416
4 244 551
4 184 951
4 658 144
4 834 658
4 20 51
4 178 353
4 423 858
4 183 850
4 910 286
4 424 399
4 878 66
4 478 912
4 709 24
4 873 400
4 330 954
4 398 866
4 328 739
4 596 371
4 871 105
4 759 436
4 217 80
4 855 181
4 766 610
4 898 608
4 197 898
4 743 1
4 202 110
4 759 813
4 899 44
4 66 224
4 834 408
4 432 966
4 603 778
4 997 934
4 154 674
4 659 291
4 860 400
4 169 574
4 873 990
4 640 513
4 91 195
4 610 265
4 620 202
4 403 860
4 354 744
4 334 76
4 74 606
4 143 141
4 776 697
4 368 647
4 880 945
4 242 235
4 973 421
4 155 797
4 287 565
4 875 652
4 112 707
4 249 988
4 719 705
4 732 420
4 80 532
4 31 989
4 444 484
4 728 565
4 457 651
4 461 910
4 232 385
4 595 305
4 1 905
4 772 449
4 933 268
4 711 578
4 231 967
4 701 431
4 5 331
4 35 329
4 13 224
4 805 810
4 895 930
4 531 736
4 895 105
4 507 530
4 310 705
4 126 817
4 978 970
4 580 604
4 179 808
4 439 407
4 393 890
4 356 159
4 213 733
4 465 854
4 616 364
4 101 256
4 386 477
4 879 357
4 466 231
4 384 796
4 104 180
4 872 862
4 497 562
4 134 684
4 376 789
4 859 868
4 177 637
4 712 376
4 580 124
4 730 212
4 735 191
4 122 847
4 994 270
4 467 25
4 242 913
4 647 379
4 772 768
4 23 538
4 183 219
4 920 620
4 652 379
4 987 305
4 345 202
4 827 776
4 199 116
4 323 31
4 579 618
4 366 873
4 412 312
4 990 689
4 139 870
4 308 849
4 413 265
4 437 209
4 761 912
4 16 313
4 141 845
4 454 632
4 253 663
4 915 382
4 662 285
4 729 22
4 122 256
4 581 412
4 789 203
4 878 835
4 704 455
4 315 424
4 710 296
4 976 514
4 125 125
4 818 83
4 904 378
4 456 87
4 212 420
1000 1000
269
96
16
969
865
830
384
649
477
84
929
114
797
452
770
545
283
457
909
198
636
639
308
674
543
962
381
605
532
693
650
268
567
159
784
186
978
755
824
305
128
43
37
355
411
107
590
147
281
562
336
514
412
188
992
765
455
394
930
914
543
983
109
837
385
513
216
47
529
854
145
0
392
578
645
508
274
41
617
593
827
311
290
222
891
471
309
561
708
114
976
931
879
0
819
445
13
45
502
411
706
222
103
493
731
93
805
603
225
390
265
696
774
825
762
591
688
939
138
183
302
362
263
742
405
835
192
894
33
307
450
36
857
788
862
952
904
161
985
395
127
65
308
303
163
191
105
18
673
296
301
660
424
359
641
541
946
469
289
18
882
71
316
4
160
123
146
657
84
328
294
838
322
965
593
426
428
766
401
775
581
126
453
312
935
664
252
111
777
277
30
507
265
615
270
242
801
550
193
194
496
52
984
957
27
871
77
665
423
874
175
284
972
42
607
735
628
982
666
647
987
735
730
441
992
70
393
464
462
524
293
429
280
780
897
722
200
925
408
679
839
747
418
640
901
907
248
483
506
740
207
434
663
79
697
579
551
724
473
209
461
115
859
976
810
315
356
117
906
127
925
39
338
189
975
581
319
34
364
534
353
867
872
880
486
905
937
320
65
80
149
221
154
819
692
645
306
523
960
419
858
253
201
334
75
745
677
694
664
512
742
809
39
703
267
152
871
895
844
757
335
361
589
668
299
584
101
303
710
575
173
919
451
531
380
829
529
572
752
625
701
239
785
944
243
278
438
81
229
785
321
264
33
474
984
730
480
226
996
14
124
313
431
265
59
945
3
119
907
593
894
999
28
402
563
518
835
156
525
672
709
547
748
511
826
388
6
496
32
767
738
497
993
208
127
282
325
786
821
814
550
690
543
380
733
878
948
72
181
749
698
614
602
330
813
789
531
812
212
504
240
251
5
340
307
597
964
616
271
39
550
218
853
582
521
454
802
416
571
934
548
61
441
597
627
693
178
214
621
766
68
768
823
989
421
466
962
485
38
733
804
465
705
609
670
675
594
456
510
373
892
396
440
447
914
407
977
951
592
116
669
14
430
656
172
500
381
27
5
941
424
994
67
569
291
990
860
651
820
874
665
83
558
433
68
160
446
712
25
159
618
681
648
890
741
255
384
831
386
772
916
504
113
667
331
715
135
568
63
513
915
219
621
1
517
439
612
398
715
64
304
482
822
433
443
249
425
17
810
354
621
31
903
206
238
382
538
684
832
764
50
866
622
277
924
234
91
715
326
367
725
130
580
217
569
970
848
372
26
478
795
682
772
328
25
560
265
246
753
415
742
526
750
978
932
611
323
57
481
917
815
360
861
244
0
325
117
449
381
625
888
442
926
2
446
516
991
141
973
54
923
314
653
424
838
310
521
548
978
241
850
699
332
981
564
540
123
185
314
796
48
448
756
110
495
539
555
729
714
542
634
760
503
370
78
185
966
69
413
298
608
173
868
121
949
215
363
15
432
352
661
376
678
807
494
127
737
702
659
943
369
363
251
559
811
285
557
919
508
975
174
157
47
75
976
155
626
199
721
803
230
231
245
213
165
790
752
963
94
237
10
689
776
596
341
459
389
100
76
8
875
873
359
418
630
995
343
62
623
457
446
6
351
363
241
927
768
907
90
243
899
528
569
119
261
469
978
446
123
56
942
864
638
900
383
888
95
391
883
642
406
885
986
149
342
711
381
978
381
931
129
525
378
150
877
40
771
869
403
570
574
856
754
930
29
178
369
187
476
876
28
202
498
588
467
399
635
371
109
88
716
521
910
21
223
379
633
963
324
23
174
676
857
1
550
779
840
242
375
6
214
896
400
610
504
337
179
842
685
696
846
363
279
44
158
884
98
314
131
644
882
220
743
782
257
272
117
536
656
998
479
24
718
988
468
798
554
112
148
137
366
556
288
719
490
593
686
881
256
39
808
593
381
646
233
256
250
728
742
475
139
20
458
101
818
528
410
577
604
501
237
695
968
807
197
219
759
66
629
593
404
384
339
377
643
140
237
222
134
888
843
169
734
203
104
509
443
744
870
307
73
736
439
614
530
938
793
636
297
704
947
480
851
280
194
492
855
726
914
707
177
66
691
384
53
834
751
586
582
606
489
292
513
346
554
903
761
571
680
99
60
845
940
693
601
469
176
46
553
519
299
923
122
746
19
123
368
7
196
230
778
603
893
888
587
349
585
974
358
687
794
747
49
652
211
102
368
189
499
117
4 471 849
4 680 421
4 738 643
4 288 684
4 709 544
4 905 933
4 512 197
4 38 92
4 204 544
4 966 386
4 870 40
4 149 385
4 887 58
4 964 290
4 229 157
4 291 453
4 493 193
4 960 439
4 267 283
4 484 458
4 108 258
4 116 374
4 773 620
4 143 660
4 544 968
4 873 449
4 532 935
4 180 238
4 476 569
4 76 80
4 864 163
4 975 404
4 332 384
4 818 91
4 904 748
4 168 454
4 99 62
4 679 885
4 604 624
4 171 77
4 28 389
4 42 91
4 89 758
4 654 828
4 895 857
4 582 441
4 945 620
4 997 330
4 861 238
4 234 702
4 742 746
4 102 466
4 497 439
4 830 128
4 929 715
4 772 270
4 482 91
4 402 974
4 685 364
4 261 380
4 492 182
4 952 629
4 704 474
4 552 116
4 37 162
4 368 587
4 117 798
4 85 295
4 900 955
4 686 93
4 920 35
4 493 787
4 557 43
4 863 186
4 954 983
4 647 299
4 9 159
4 373 901
4 22 705
4 501 513
4 902 580
4 243 453
4 361 969
4 83 301
4 349 960
4 399 889
4 84 731
4 964 619
4 689 653
4 157 572
4 237 701
4 237 328
4 566 385
4 888 359
4 790 150
4 959 642
4 81 930
4 965 193
4 440 631
4 60 26
4 679 766
4 107 137
4 393 99
4 510 877
4 991 740
4 48 460
4 138 975
4 150 989
4 117 239
4 214 703
4 603 850
4 451 52
4 85 214
4 451 287
4 966 942
4 336 122
4 0 583
4 327 522
4 895 768
4 5 212
4 104 149
4 737 770
4 182 232
4 627 231
4 6 737
4 804 229
4 456 456
4 959 80
4 948 112
4 818 143
4 618 454
4 328 765
4 589 879
4 675 751
4 317 485
4 371 550
4 691 220
4 963 324
4 738 868
4 382 618
4 229 796
4 998 211
4 206 484
4 386 825
4 988 805
4 828 991
4 527 305
4 830 851
4 497 31
4 468 648
4 333 164
4 582 348
4 471 920
4 392 629
4 117 935
4 278 250
4 105 559
4 735 995
4 958 820
4 779 415
4 694 767
4 160 194
4 838 158
4 935 555
4 369 950
4 920 636
4 27 858
4 7 3
4 933 150
4 97 554
4 986 591
4 520 214
4 523 78
4 762 944
4 884 12
4 494 986
4 853 255
4 75 485
4 411 69
4 87 714
4 354 264
4 119 661
4 336 101
4 121 528
4 467 592
4 424 746
4 494 302
4 686 246
4 669 861
4 572 97
4 402 327
4 347 554
4 751 711
4 332 575
4 539 861
4 964 530
4 937 884
4 633 533
4 798 373
4 467 812
4 426 712
4 977 235
4 20 986
4 957 155
4 878 698
4 864 453
4 730 730
4 377 214
4 520 969
4 963 27
4 576 619
4 274 940
4 255 988
4 676 55
4 822 866
4 429 52
4 772 235
4 848 831
4 52 197
4 34 438
4 186 284
4 38 331
4 982 466
4 108 415
4 869 590
4 884 43
4 157 626
4 740 156
4 875 481
4 125 883
4 140 615
4 610 538
4 158 619
4 44 259
4 601 301
4 247 635
4 148 293
4 496 141
4 984 675
4 491 970
4 166 382
4 421 83
4 961 761
4 114 338
4 387 462
4 711 998
4 306 715
4 745 230
4 99 5
4 791 678
4 229 906
4 158 452
4 955 157
4 798 614
4 763 70
4 858 809
4 279 756
4 707 143
4 0 469
4 141 72
4 364 698
4 733 536
4 377 43
4 103 140
4 758 43
4 841 170
4 169 153
4 936 27
4 104 817
4 744 992
4 998 750
4 573 605
4 665 247
4 334 365
4 156 598
4 526 106
4 218 906
4 228 270
4 71 63
4 256 938
4 574 644
4 717 676
4 38 829
4 253 63
4 580 462
4 125 153
4 245 635
4 668 771
4 317 504
4 96 320
4 37 268
4 818 58
4 141 889
4 224 696
4 713 896
4 69 404
4 361 232
4 854 361
4 323 545
4 121 961
4 463 231
4 444 614
4 852 206
4 692 101
4 717 306
4 438 930
4 940 946
4 875 833
4 524 988
4 422 755
4 921 21
4 793 950
4 261 947
4 863 142
4 76 795
4 336 565
4 354 197
4 395 220
4 747 176
4 624 655
4 767 464
4 711 943
4 967 568
4 978 691
4 304 551
4 77 57
4 65 55
4 692 669
4 885 11
4 527 429
4 108 118
4 477 601
4 130 706
4 113 543
4 553 642
4 77 315
4 545 464
4 568 966
4 775 251
4 46 750
4 651 81
4 538 725
4 183 223
4 456 321
4 810 643
4 834 898
4 555 623
4 412 286
4 996 333
4 766 962
4 977 821
4 199 812
4 131 680
4 269 869
4 14 118
4 416 94
4 93 342
4 296 539
4 275 581
4 79 320
4 21 81
4 926 69
4 188 202
4 46 358
4 593 958
4 450 526
4 72 773
4 656 177
4 148 823
4 63 262
4 782 264
4 958 373
4 587 274
4 525 494
4 820 766
4 663 596
4 486 447
4 552 898
4 826 603
4 725 244
4 128 908
4 263 98
4 939 351
4 756 831
4 563 976
4 322 91
4 645 696
4 527 490
4 758 754
4 73 898
4 778 48
4 271 538
4 417 361
4 693 367
4 931 737
4 471 928
4 868 205
4 549 799
4 625 656
4 179 703
4 57 379
4 506 592
4 152 158
4 937 869
4 784 730
4 245 332
4 929 138
4 144 817
4 577 738
4 869 35
4 604 56
4 914 471
4 444 876
4 931 734
4 875 245
4 894 576
4 280 410
4 268 776
4 153 957
4 208 706
4 763 95
4 51 3
4 173 350
4 990 235
4 947 185
4 516 673
4 317 494
4 669 845
4 542 116
4 326 444
4 568 193
4 439 536
4 228 267
4 640 395
4 291 879
4 919 938
4 456 867
4 961 457
4 821 148
4 149 67
4 723 506
4 545 700
4 364 752
4 7 80
4 781 39
4 22 705
4 208 672
4 387 710
4 350 915
4 433 610
4 346 875
4 130 314
4 719 528
4 440 850
4 410 257
4 877 684
4 109 209
4 665 523
4 904 953
4 71 118
4 501 254
4 720 453
4 285 306
4 52 412
4 549 344
4 73 838
4 978 638
4 185 63
4 33 828
4 292 910
4 379 565
4 201 518
4 950 284
4 251 342
4 790 24
4 272 281
4 778 690
4 313 136
4 620 94
4 937 381
4 217 451
4 741 88
4 606 886
4 885 565
4 685 555
4 577 801
4 446 136
4 55 793
4 44 231
4 722 29
4 891 385
4 514 289
4 166 858
4 123 393
4 310 542
4 890 392
4 749 109
4 969 921
4 784 528
4 794 243
4 730 69
4 705 518
4 907 426
4 325 242
4 687 988
4 493 791
4 428 53
4 434 105
4 299 536
4 161 226
4 900 277
4 930 512
4 418 857
4 846 757
4 544 457
4 619 827
4 534 312
4 395 264
4 694 187
4 848 938
4 617 875
4 345 784
4 234 643
4 888 812
4 131 384
4 219 957
4 179 966
4 489 719
4 878 340
4 416 261
4 859 689
4 412 731
4 454 304
4 537 57
4 609 787
4 202 942
4 691 427
4 451 148
4 178 288
4 802 234
4 698 118
4 23 128
4 531 858
4 942 371
4 934 2
4 700 530
4 484 550
4 68 550
4 810 934
4 774 836
4 836 593
4 995 872
4 19 401
4 906 873
4 241 976
4 938 150
4 954 513
4 253 290
4 305 491
4 68 240
4 908 471
4 587 136
4 86 598
4 32 455
4 0 332
4 739 895
4 101 422
4 737 472
4 113 103
4 341 618
4 366 33
4 193 592
4 436 812
4 481 473
4 639 945
4 344 373
4 724 748
4 776 151
4 742 529
4 729 657
4 78 320
4 990 543
4 550 350
4 622 69
4 810 382
4 211 428
4 853 660
4 269 184
4 4 175
4 677 610
4 41 604
4 269 174
4 923 707
4 18 299
4 734 633
4 197 241
4 288 723
4 196 116
4 926 177
4 526 502
4 324 351
4 554 444
4 380 958
4 895 591
4 298 431
4 571 410
4 199 698
4 479 575
4 565 717
4 313 49
4 94 33
4 660 514
4 765 332
4 445 30
4 295 842
4 707 993
4 309 313
4 246 323
4 656 278
4 158 287
4 345 478
4 177 68
4 756 956
4 631 322
4 230 65
4 915 898
4 735 101
4 101 546
4 61 589
4 784 964
4 930 438
4 465 233
4 611 556
4 493 773
4 980 981
4 116 752
4 566 431
4 354 219
4 210 236
4 531 161
4 994 513
4 977 429
4 306 666
4 982 922
4 855 19
4 400 139
4 354 785
4 35 813
4 237 325
4 827 105
4 455 302
4 676 683
4 245 607
4 507 336
4 783 855
4 985 889
4 980 943
4 276 333
4 761 881
4 64 574
4 775 783
4 357 902
4 322 529
4 209 156
4 951 174
4 335 901
4 242 358
4 277 989
4 152 230
4 531 666
4 607 533
4 745 281
4 314 50
4 246 611
4 581 265
4 989 937
4 243 187
4 968 741
4 842 411
4 905 9
4 826 261
4 440 401
4 538 585
4 450 955
4 346 419
4 425 536
4 676 369
4 899 899
4 338 341
4 971 545
4 348 39
4 746 157
4 451 763
4 157 877
4 910 690
4 889 981
4 637 828
4 149 205
4 422 132
4 535 356
4 53 305
4 74 141
4 488 759
4 306 354
4 332 321
4 209 392
4 693 515
4 943 582
4 834 949
4 563 173
4 763 152
4 325 731
4 88 541
4 71 476
4 241 778
4 567 338
4 414 918
4 503 276
4 892 731
4 894 587
4 733 253
4 78 16
4 783 727
4 543 479
4 508 535
4 679 985
4 877 810
4 943 854
4 950 357
4 242 805
4 851 533
4 251 895
4 373 379
4 889 327
4 40 644
4 667 952
4 483 870
4 393 294
4 61 371
4 842 158
4 987 10
4 226 604
4 731 760
4 601 427
4 129 257
4 702 210
4 385 974
4 361 577
4 451 399
4 237 178
4 358 400
4 410 192
4 0 117
4 135 430
4 745 450
4 625 118
4 907 114
4 103 588
4 689 134
4 205 747
4 214 16
4 402 989
4 776 187
4 919 602
4 917 468
4 861 581
4 689 33
4 615 728
4 230 388
4 882 646
4 486 726
4 374 469
4 14 64
4 506 940
4 495 121
4 461 874
4 186 32
4 380 535
4 673 618
4 262 656
4 917 906
4 668 274
4 690 225
4 9 616
4 123 223
4 406 311
4 744 416
4 548 204
4 624 929
4 883 870
4 558 199
4 253 545
4 417 584
4 591 211
4 956 684
4 543 21
4 899 933
4 933 809
4 205 339
4 178 860
4 144 299
4 630 336
4 147 598
4 102 227
4 226 530
4 826 72
4 619 76
4 628 65
4 574 111
4 32 480
4 771 338
4 817 581
4 32 268
4 991 693
4 173 692
4 444 143
4 552 551
4 436 86
4 553 419
4 30 781
4 33 690
4 574 745
4 880 949
4 590 652
4 127 99
4 380 387
4 971 734
4 292 271
4 363 371
4 551 332
4 959 458
4 444 340
4 478 770
4 148 86
4 994 726
4 583 224
4 842 487
4 495 729
4 455 723
4 104 296
4 974 698
4 640 812
4 844 67
4 168 631
4 888 406
4 924 485
4 709 333
4 849 761
4 110 778
4 236 179
4 237 288
4 45 305
4 806 744
4 814 20
4 83 116
4 981 524
4 460 15
4 440 264
4 677 692
4 838 912
4 972 5
4 687 495
4 82 385
4 406 442
4 831 997
4 396 654
4 14 504
4 249 62
4 213 227
4 561 528
4 366 822
4 261 504
4 857 631
4 362 611
4 793 585
4 774 243
4 698 531
4 484 200
4 411 172
4 859 604
4 29 632
4 421 253
4 84 395
4 313 790
4 85 734
4 330 343
4 595 60
4 61 199
4 431 305
4 244 514
4 609 642
4 99 650
4 952 875
4 583 30
4 988 804
4 124 208
4 390 216
4 665 698
4 247 658
4 967 872
4 109 47
4 110 267
4 706 874
4 672 43
4 532 771
4 822 961
4 430 491
4 505 396
4 311 783
4 891 897
4 346 941
4 33 218
4 948 923
4 704 645
4 417 229
4 348 653
4 437 675
4 641 617
4 182 694
4 226 954
4 654 267
4 685 860
4 781 597
4 981 813
4 752 754
4 337 995
4 289 56
4 288 621
4 640 604
4 242 192
4 333 688
4 935 947
4 961 430
4 385 465
4 866 418
4 602 527
4 472 944
4 931 474
4 773 475
4 280 716
4 225 438
4 660 344
4 923 624
4 852 579
4 830 921
4 997 996
4 262 52
4 324 640
4 225 12
4 613 110
4 593 348
4 371 181
4 497 697
4 767 820
4 603 77
4 53 468
4 321 960
4 537 398
4 397 665
4 872 764
4 206 364
4 646 312
4 671 732
4 602 506
4 861 690
4 889 512
4 735 541
4 326 953
4 557 533
4 465 296
4 244 82
4 929 934
4 382 174
4 655 406
4 229 262
4 723 786
4 291 694
4 314 470
4 694 372
4 843 319
4 548 303
4 564 395
4 615 369
4 101 338
4 543 338
4 349 471
4 894 665
4 987 153
4 217 421
4 771 849
4 292 655
4 927 597
4 466 286
4 349 687
4 294 658
4 469 481
4 245 352
4 896 124
4 774 924
4 994 387
1000 1000
59
134
195
304
398
560
600
296
516
952
803
122
412
287
841
427
38
673
980
124
99
484
436
10
309
748
76
254
565
352
750
872
383
87
341
727
739
894
288
59
555
749
482
801
838
396
237
571
616
274
104
137
13
976
878
967
43
40
769
192
510
810
934
870
558
212
899
231
593
468
507
81
200
67
830
82
473
905
588
188
27
310
953
442
202
81
831
755
116
172
330
753
416
49
754
610
768
676
923
874
95
61
318
197
184
406
216
328
623
430
437
541
363
178
65
86
39
607
936
529
400
894
151
126
899
252
876
3
722
15
799
875
626
18
210
955
764
8
731
378
57
512
688
98
644
256
965
830
913
774
848
726
290
696
562
59
690
861
143
853
661
362
474
303
162
408
882
142
708
339
123
332
1
990
44
429
698
321
709
612
438
667
288
704
675
710
998
377
551
826
114
163
147
222
35
684
569
345
531
502
452
271
211
566
36
797
301
292
238
101
359
492
637
592
421
572
518
619
74
735
149
817
798
513
302
585
198
635
532
218
355
523
552
71
907
432
956
752
372
670
707
620
11
615
351
926
621
307
279
808
500
443
440
551
679
579
392
906
629
287
953
688
424
835
509
60
59
665
229
228
655
312
444
966
510
794
504
671
285
476
334
724
85
421
638
84
998
262
513
925
683
77
387
239
792
924
0
146
889
313
177
173
503
924
455
331
625
802
947
975
175
0
419
618
221
413
469
243
90
224
649
105
49
596
871
837
523
95
535
917
187
607
583
489
581
713
745
748
820
171
606
384
880
900
910
648
196
62
679
367
511
533
273
335
208
942
459
983
829
249
593
397
736
790
216
21
851
433
31
869
818
485
315
920
821
651
729
783
254
807
935
220
791
254
28
553
693
233
949
204
941
446
804
282
655
111
275
139
918
37
546
214
104
365
0
776
523
550
188
652
944
655
946
968
814
164
809
365
883
353
937
676
909
135
187
91
868
97
564
9
138
703
767
928
368
845
289
815
472
738
591
831
511
793
643
537
715
865
376
890
226
679
451
125
822
994
398
786
687
407
255
765
247
526
991
486
938
666
346
93
854
827
440
304
785
522
902
24
490
358
275
265
678
782
789
520
33
930
225
46
712
627
713
423
812
306
243
22
77
305
646
999
132
72
64
508
695
963
544
718
785
743
348
937
281
781
382
636
114
296
401
758
470
864
326
168
934
354
706
716
927
744
674
910
106
589
396
263
506
467
779
585
806
329
595
393
986
951
244
895
940
711
47
79
319
74
129
734
949
390
967
295
257
700
795
984
21
901
462
922
297
169
974
463
69
584
160
186
608
634
464
642
46
783
75
139
957
860
919
167
186
59
94
394
146
921
143
293
421
119
514
663
458
857
603
574
915
730
921
741
244
213
220
316
897
692
908
286
832
56
41
844
996
455
973
576
29
60
517
762
947
36
995
559
787
672
245
840
128
887
395
934
373
849
821
586
32
711
910
291
107
311
454
577
717
553
189
498
939
493
375
404
141
783
900
450
266
686
650
496
314
641
2
194
802
406
863
851
595
894
442
828
694
488
253
66
449
731
259
308
495
654
544
460
159
394
908
725
20
862
781
737
570
399
521
563
598
389
523
585
371
853
150
720
740
604
957
176
934
639
456
780
945
960
732
802
300
415
360
856
679
505
9
270
631
88
979
63
839
455
796
211
654
113
131
977
361
561
42
764
824
268
647
601
103
640
659
225
250
105
852
299
943
981
81
144
793
411
148
911
810
420
180
800
342
117
954
677
206
369
402
573
881
68
89
81
258
52
336
770
388
410
357
512
825
215
338
479
136
127
580
234
209
733
347
483
581
227
510
578
344
898
425
745
962
428
118
364
728
499
893
830
926
548
514
424
118
25
606
534
833
170
688
713
775
718
738
479
904
556
58
697
855
747
287
50
324
14
513
92
540
518
264
942
121
466
71
538
242
609
294
223
777
757
953
884
385
630
370
853
277
419
55
145
347
216
190
931
426
185
519
261
480
816
374
530
710
804
515
959
165
656
477
80
669
301
54
102
481
130
366
892
869
336
618
866
414
934
81
28
347
322
337
261
478
159
237
26
304
746
993
802
4
73
679
175
921
375
497
58
645
597
225
668
759
660
934
142
53
901
225
434
283
528
260
269
78
575
714
853
161
181
5
364
510
236
105
711
682
466
491
494
771
26
163
429
317
7
929
766
182
861
916
594
942
254
259
246
756
613
773
217
524
405
155
622
914
933
525
702
230
932
961
934
848
701
90
719
108
982
4 270 977
4 911 234
4 389 448
4 874 451
4 880 85
4 477 888
4 193 490
4 649 655
4 2 619
4 49 157
4 476 823
4 274 690
4 116 722
4 619 136
4 866 570
4 882 933
4 145 378
4 290 377
4 770 985
4 518 469
4 128 679
4 374 588
4 882 565
4 690 137
4 712 306
4 904 418
4 37 978
4 792 968
4 681 43
4 202 388
4 502 862
4 354 452
4 574 456
4 609 475
4 227 590
4 433 667
4 110 716
4 232 800
4 853 605
4 429 521
4 626 602
4 982 948
4 273 182
4 61 522
4 758 725
4 218 570
4 331 314
4 776 189
4 789 790
4 204 866
4 549 212
4 57 624
4 33 525
4 418 498
4 200 205
4 102 608
4 640 26
4 285 33
4 391 100
4 457 610
4 53 706
4 614 125
4 848 96
4 120 129
4 851 26
4 717 205
4 938 676
4 937 956
4 271 532
4 374 673
4 682 224
4 511 937
4 584 701
4 565 982
4 272 744
4 887 122
4 202 832
4 183 460
4 448 32
4 418 724
4 709 856
4 54 665
4 547 790
4 492 155
4 561 299
4 770 449
4 492 993
4 130 755
4 885 142
4 139 332
4 285 916
4 67 811
4 279 345
4 509 712
4 870 234
4 551 348
4 666 369
4 903 210
4 222 372
4 185 67
4 818 865
4 538 35
4 125 466
4 586 579
4 439 230
4 953 101
4 21 601
4 596 626
4 252 259
4 952 86
4 265 984
4 236 997
4 998 722
4 595 900
4 533 584
4 300 310
4 965 567
4 626 138
4 835 572
4 190 118
4 97 30
4 630 103
4 212 862
4 678 433
4 439 823
4 321 972
4 955 886
4 985 0
4 755 732
4 227 803
4 322 437
4 743 121
4 171 210
4 776 917
4 962 801
4 230 165
4 165 851
4 515 645
4 780 350
4 942 539
4 649 738
4 555 675
4 288 80
4 924 596
4 748 570
4 585 861
4 979 774
4 872 192
4 974 69
4 83 337
4 520 927
4 836 243
4 995 372
4 389 716
4 432 754
4 821 722
4 258 854
4 653 200
4 592 329
4 656 854
4 287 103
4 292 171
4 533 202
4 746 612
4 552 685
4 588 629
4 115 392
4 902 616
4 782 502
4 667 966
4 247 60
4 605 582
4 695 164
4 118 330
4 487 462
4 249 521
4 903 89
4 262 472
4 817 173
4 726 893
4 507 796
4 848 270
4 174 608
4 219 401
4 64 831
4 486 935
4 849 896
4 934 87
4 638 542
4 905 347
4 642 165
4 744 67
4 702 182
4 685 325
4 821 892
4 788 170
4 319 109
4 85 602
4 645 680
4 463 178
4 643 912
4 370 25
4 95 435
4 592 62
4 509 481
4 418 973
4 979 670
4 5 465
4 597 763
4 733 266
4 84 35
4 461 726
4 423 141
4 356 405
4 239 642
4 366 443
4 453 75
4 27 962
4 210 198
4 855 241
4 52 400
4 445 277
4 464 560
4 636 704
4 68 468
4 27 637
4 851 841
4 209 424
4 194 523
4 305 737
4 145 581
4 569 672
4 606 617
4 202 189
4 686 730
4 773 942
4 991 782
4 438 503
4 485 302
4 433 177
4 874 350
4 263 719
4 308 499
4 844 248
4 979 786
4 852 182
4 720 216
4 869 707
4 476 190
4 86 454
4 624 605
4 83 677
4 792 282
4 920 844
4 6 506
4 433 383
4 946 969
4 956 826
4 327 137
4 700 669
4 366 71
4 579 245
4 457 26
4 242 979
4 37 236
4 188 438
4 874 372
4 92 672
4 799 761
4 316 192
4 784 518
4 440 24
4 688 712
4 763 248
4 194 760
4 791 345
4 60 504
4 406 728
4 911 471
4 87 802
4 468 529
4 359 315
4 545 494
4 470 588
4 688 506
4 906 264
4 351 650
4 619 337
4 894 826
4 650 691
4 966 175
4 987 40
4 701 430
4 945 16
4 741 754
4 392 343
4 412 235
4 660 150
4 239 875
4 995 940
4 728 227
4 704 468
4 686 986
4 140 345
4 526 79
4 701 754
4 249 586
4 175 473
4 767 33
4 946 293
4 950 439
4 382 870
4 330 7
4 234 448
4 758 985
4 654 136
4 452 447
4 910 984
4 727 132
4 62 39
4 549 327
4 702 936
4 522 949
4 312 403
4 939 948
4 737 723
4 34 301
4 620 551
4 332 670
4 27 542
4 697 617
4 953 21
4 860 639
4 891 71
4 30 889
4 367 630
4 212 999
4 530 653
4 960 192
4 240 655
4 895 201
4 323 758
4 595 897
4 980 890
4 960 204
4 834 512
4 225 900
4 521 189
4 417 871
4 329 564
4 106 433
4 765 123
4 209 708
4 789 741
4 203 967
4 79 288
4 738 640
4 951 487
4 111 108
4 291 270
4 991 862
4 175 613
4 225 146
4 185 418
4 973 679
4 525 763
4 274 849
4 32 294
4 12 704
4 701 419
4 501 853
4 629 942
4 697 85
4 188 399
4 825 260
4 490 134
4 612 618
4 185 203
4 511 669
4 412 251
4 940 947
4 476 477
4 852 32
4 62 856
4 710 318
4 846 102
4 382 314
4 69 379
4 885 90
4 909 652
4 365 556
4 748 141
4 701 416
4 263 397
4 130 683
4 86 256
4 364 695
4 998 986
4 77 689
4 428 621
4 71 712
4 675 211
4 934 263
4 101 762
4 596 39
4 979 790
4 332 131
4 766 473
4 851 800
4 945 975
4 347 122
4 578 648
4 257 962
4 337 100
4 635 46
4 915 70
4 267 464
4 73 309
4 945 357
4 406 779
4 695 668
4 820 114
4 98 349
4 676 955
4 749 194
4 147 542
4 215 21
4 342 474
4 957 439
4 751 280
4 677 72
4 638 693
4 655 674
4 489 469
4 207 462
4 517 534
4 808 186
4 844 398
4 398 46
4 893 607
4 46 97
4 470 770
4 380 656
4 375 856
4 370 254
4 460 831
4 496 222
4 275 653
4 859 37
4 780 369
4 772 852
4 536 659
4 78 514
4 963 31
4 632 396
4 835 716
4 360 666
4 139 495
4 619 549
4 403 399
4 556 153
4 278 734
4 438 897
4 781 83
4 154 795
4 759 579
4 643 110
4 200 235
4 814 528
4 200 456
4 777 414
4 624 33
4 896 420
4 1 60
4 747 625
4 963 145
4 866 408
4 759 669
4 305 940
4 479 100
4 821 466
4 495 144
4 314 464
4 318 774
4 670 353
4 386 742
4 964 794
4 797 659
4 238 981
4 853 558
4 523 638
4 191 530
4 905 874
4 628 11
4 391 848
4 108 608
4 977 358
4 657 175
4 412 369
4 541 576
4 386 832
4 547 639
4 972 637
4 490 255
4 441 199
4 133 492
4 70 267
4 402 192
4 813 462
4 650 406
4 67 576
4 792 575
4 503 678
4 812 284
4 785 980
4 105 810
4 66 781
4 721 663
4 873 28
4 939 295
4 892 865
4 278 907
4 529 756
4 56 228
4 127 822
4 314 762
4 918 1
4 316 790
4 421 228
4 329 714
4 757 847
4 140 796
4 308 619
4 412 110
4 137 133
4 398 355
4 222 606
4 516 313
4 588 986
4 781 998
4 944 183
4 904 510
4 486 236
4 738 405
4 785 77
4 614 446
4 825 397
4 897 545
4 957 371
4 319 961
4 915 349
4 27 216
4 641 134
4 897 789
4 45 802
4 12 53
4 853 42
4 546 707
4 874 218
4 357 986
4 675 234
4 374 364
4 381 393
4 749 275
4 317 10
4 354 821
4 336 302
4 671 856
4 210 147
4 185 594
4 794 522
4 948 656
4 220 618
4 577 162
4 898 954
4 39 330
4 572 833
4 466 125
4 315 828
4 451 523
4 232 769
4 254 542
4 529 333
4 373 211
4 100 513
4 683 859
4 6 385
4 580 382
4 407 243
4 337 868
4 441 979
4 457 829
4 995 30
4 676 606
4 321 888
4 535 66
4 595 185
4 480 819
4 961 570
4 518 450
4 393 692
4 677 659
4 359 176
4 128 854
4 636 566
4 85 714
4 994 416
4 150 35
4 452 76
4 634 236
4 88 628
4 122 179
4 73 763
4 979 672
4 13 641
4 581 446
4 966 967
4 688 507
4 249 284
4 842 527
4 627 474
4 37 385
4 713 232
4 229 996
4 875 551
4 327 420
4 54 576
4 129 452
4 925 30
4 44 291
4 293 155
4 304 635
4 693 317
4 122 395
4 613 132
4 679 104
4 470 464
4 579 685
4 55 811
4 506 890
4 340 410
4 457 629
4 92 191
4 939 877
4 597 864
4 74 641
4 363 38
4 832 978
4 55 79
4 647 936
4 520 457
4 98 276
4 593 740
4 92 311
4 290 370
4 991 855
4 369 496
4 498 519
4 912 140
4 91 387
4 783 958
4 461 729
4 96 476
4 426 645
4 134 960
4 254 309
4 762 509
4 371 185
4 834 720
4 454 720
4 701 39
4 592 474
4 386 418
4 498 86
4 975 500
4 297 267
4 113 379
4 200 919
4 633 484
4 872 760
4 675 544
4 217 525
4 962 186
4 532 825
4 129 623
4 754 119
4 418 344
4 35 532
4 219 237
4 71 780
4 265 888
4 625 588
4 765 729
4 195 755
4 230 936
4 441 676
4 693 905
4 735 272
4 354 511
4 853 71
4 957 770
4 405 543
4 633 981
4 481 353
4 118 155
4 953 899
4 755 210
4 257 107
4 862 568
4 287 794
4 331 284
4 466 755
4 390 175
4 286 875
4 456 926
4 295 964
4 515 770
4 262 391
4 567 138
4 800 517
4 628 944
4 509 11
4 167 599
4 157 559
4 815 318
4 397 590
4 363 600
4 658 75
4 560 577
4 734 209
4 930 750
4 784 624
4 600 240
4 694 263
4 935 506
4 247 868
4 348 322
4 681 782
4 415 42
4 484 391
4 492 910
4 562 575
4 693 91
4 772 630
4 639 169
4 838 876
4 35 577
4 159 104
4 744 190
4 464 253
4 206 551
4 866 214
4 544 834
4 638 483
4 139 774
4 164 343
4 655 59
4 170 616
4 531 668
4 302 484
4 376 270
4 749 327
4 929 98
4 147 178
4 128 626
4 433 141
4 971 918
4 111 54
4 893 327
4 187 110
4 137 433
4 858 527
4 931 437
4 164 195
4 936 17
4 252 630
4 812 802
4 812 231
4 417 464
4 649 131
4 997 758
4 716 449
4 988 265
4 527 655
4 435 899
4 499 646
4 537 223
4 551 42
4 521 746
4 858 464
4 729 790
4 266 30
4 340 312
4 824 810
4 928 840
4 120 245
4 919 849
4 991 118
4 244 870
4 330 288
4 172 957
4 471 375
4 155 729
4 488 659
4 166 548
4 668 91
4 817 200
4 691 694
4 142 993
4 235 296
4 119 880
4 301 362
4 755 837
4 737 915
4 712 958
4 461 821
4 521 945
4 570 636
4 625 109
4 949 379
4 240 435
4 443 834
4 286 127
4 14 169
4 939 97
4 409 519
4 274 878
4 599 728
4 210 895
4 421 388
4 756 170
4 87 720
4 376 73
4 653 461
4 519 719
4 116 947
4 367 101
4 620 110
4 60 651
4 895 808
4 484 797
4 948 157
4 357 772
4 432 107
4 363 899
4 861 938
4 92 46
4 695 681
4 297 69
4 411 291
4 760 531
4 103 225
4 588 604
4 931 589
4 649 55
4 111 291
4 555 664
4 451 857
4 122 86
4 571 480
4 143 570
4 893 783
4 451 531
4 701 41
4 606 732
4 21 193
4 289 107
4 779 342
4 408 405
4 489 624
4 406 657
4 78 40
4 589 40
4 937 340
4 911 877
4 393 141
4 714 320
4 275 705
4 745 747
4 452 759
4 942 981
4 696 397
4 85 814
4 460 551
4 95 731
4 212 2
4 305 348
4 753 816
4 598 269
4 128 359
4 259 798
4 17 98
4 283 954
4 412 911
4 432 7
4 232 434
4 512 253
4 591 502
4 934 680
4 403 196
4 408 926
4 472 538
4 532 488
4 982 958
4 429 609
4 271 965
4 935 426
4 877 710
4 458 865
4 919 830
4 477 649
4 981 203
4 771 982
4 419 5
4 223 974
4 860 305
4 876 834
4 871 457
4 454 219
4 901 236
4 328 660
4 779 257
4 140 680
4 47 904
4 545 520
4 194 348
4 88 136
4 744 421
4 640 196
4 761 966
4 956 708
4 38 568
4 941 21
4 726 382
4 833 82
4 552 59
4 161 467
4 929 897
4 337 127
4 790 480
4 479 138
4 311 106
4 894 18
4 20 648
4 590 771
4 79 885
4 287 798
4 708 94
4 350 320
4 847 863
4 941 231
4 269 617
4 793 257
4 423 564
4 498 811
4 135 194
4 135 276
4 6 657
4 268 170
4 565 332
4 599 736
4 297 759
4 900 581
4 775 376
4 113 260
4 187 799
4 545 451
4 15 245
4 5 442
4 26 954
4 383 600
4 280 975
4 324 497
4 381 901
4 38 569
4 299 785
4 124 918
4 9 89
4 617 981
4 189 248
4 673 266
4 483 934
4 903 429
4 842 839
4 102 509
4 833 674
4 775 802
4 382 471
4 870 522
4 292 108
4 753 13
4 211 284
4 641 279
4 779 928
4 547 451
4 73 238
4 271 883
4 719 566
4 828 495
4 989 106
1000 1000
685
36
707
919
572
458
551
653
927
141
228
161
968
599
596
941
395
10
436
723
384
937
441
110
561
267
552
704
530
548
808
220
768
661
678
961
542
577
849
566
757
319
403
23
173
475
205
553
399
640
118
939
512
262
664
855
191
396
62
102
118
352
809
334
152
180
850
47
623
923
248
802
5
306
338
798
43
346
331
728
517
948
982
204
202
443
589
240
61
617
238
902
795
574
746
92
851
812
982
703
244
875
764
303
564
194
426
966
165
237
87
473
445
966
870
565
456
992
736
71
807
319
747
594
559
200
21
556
169
804
772
425
229
113
902
129
476
615
360
81
424
993
912
986
387
492
882
312
137
815
654
446
695
567
215
65
197
800
175
328
188
314
668
950
621
299
898
212
41
749
434
934
671
444
705
687
970
201
717
801
451
368
418
196
521
594
905
298
265
371
61
858
221
600
601
929
555
743
931
383
12
782
839
3
989
751
524
740
123
145
645
787
110
440
824
261
820
942
276
120
358
647
680
732
416
371
796
725
452
401
108
988
757
903
362
884
463
878
665
674
630
581
883
788
602
649
344
43
841
604
432
954
500
812
12
502
130
773
532
210
959
477
984
529
219
689
377
365
125
337
363
99
633
181
897
131
588
106
683
905
501
236
855
724
929
163
182
482
906
81
37
861
842
583
519
539
466
894
904
73
198
393
518
139
173
280
506
30
613
918
957
877
546
263
402
803
848
709
439
332
249
406
399
84
268
700
890
384
723
183
528
478
545
749
361
342
620
614
603
723
398
339
853
791
627
997
855
203
669
273
318
582
343
232
279
688
594
721
729
738
776
330
416
895
208
24
434
953
435
371
373
549
391
270
563
113
859
135
549
275
866
386
341
258
132
66
930
819
932
78
387
216
947
698
761
121
961
325
490
845
354
217
107
372
400
4
618
179
927
514
352
909
81
98
702
648
271
247
994
444
775
310
976
797
240
484
679
907
548
164
143
80
538
540
958
799
933
374
103
706
79
522
694
830
43
309
536
48
663
772
856
927
774
287
242
505
691
42
727
252
278
422
283
946
751
112
822
95
737
445
481
971
676
403
730
385
827
570
748
86
409
525
911
838
61
212
397
307
346
569
524
178
410
908
550
701
932
289
437
949
607
689
860
751
537
909
0
184
369
359
339
558
983
887
727
817
460
955
646
177
956
672
871
814
720
966
750
744
189
347
656
498
833
999
176
269
896
54
187
829
122
869
826
43
364
162
511
136
411
169
214
911
747
531
414
8
917
285
544
689
293
985
749
88
278
587
322
419
28
297
412
46
741
790
896
661
689
968
281
990
351
481
601
915
743
726
945
837
329
25
326
327
311
438
777
714
762
782
18
697
817
81
485
348
401
167
560
117
835
469
585
683
520
171
956
533
288
782
317
504
7
89
527
968
755
464
94
495
825
235
726
290
752
333
828
284
909
407
534
339
388
995
35
800
489
378
503
888
627
864
818
193
11
715
592
134
324
794
213
760
863
133
386
591
444
207
450
367
971
85
745
938
710
771
723
655
40
652
92
336
405
881
662
24
670
834
778
949
764
747
232
580
392
749
211
105
631
819
943
200
471
382
491
823
185
302
464
486
938
639
789
734
231
811
497
574
386
291
153
319
682
333
857
319
900
619
200
59
257
567
698
625
867
254
31
455
358
239
927
969
320
159
74
251
418
782
63
381
483
868
584
33
124
965
509
858
573
168
350
345
813
227
355
785
0
922
223
222
637
209
952
805
935
26
629
960
964
782
316
286
20
590
823
149
19
645
718
667
493
282
974
82
650
446
782
817
116
732
209
15
215
318
873
433
586
606
9
70
699
32
575
442
335
777
48
735
530
764
462
854
123
684
659
400
926
16
14
229
795
190
512
612
240
169
61
731
488
494
513
855
928
657
975
781
769
962
759
816
66
128
823
224
920
786
716
510
151
499
638
879
525
449
588
651
522
843
924
38
515
793
174
719
479
487
470
187
910
601
547
958
765
282
872
693
980
509
77
87
315
780
408
967
496
846
126
68
476
155
150
459
681
230
140
605
375
282
378
865
738
683
91
571
674
90
769
404
226
160
417
973
733
114
356
150
521
828
827
52
543
636
962
44
43
37
256
729
608
562
628
279
35
981
350
855
366
810
64
304
511
610
413
206
256
905
225
600
832
597
76
127
321
147
927
770
893
27
194
270
93
305
668
909
784
186
199
611
180
712
987
22
419
123
576
772
783
508
296
2
476
557
55
310
51
936
758
11
901
729
260
852
4 824 269
4 384 798
4 362 867
4 640 604
4 289 264
4 100 561
4 512 582
4 591 776
4 505 757
4 183 351
4 197 682
4 915 734
4 239 485
4 778 235
4 744 821
4 441 545
4 503 517
4 148 259
4 356 614
4 230 62
4 850 628
4 51 814
4 16 856
4 548 733
4 349 252
4 801 263
4 917 26
4 585 679
4 855 255
4 886 241
4 53 367
4 795 503
4 691 373
4 536 371
4 495 866
4 358 72
4 5 765
4 149 737
4 717 959
4 684 708
4 385 181
4 963 242
4 490 406
4 559 257
4 269 844
4 585 60
4 141 617
4 516 491
4 943 106
4 956 583
4 385 44
4 599 434
4 722 850
4 529 436
4 533 223
4 803 154
4 775 869
4 278 589
4 491 649
4 582 226
4 784 584
4 538 511
4 705 409
4 180 870
4 455 755
4 757 206
4 460 43
4 922 720
4 984 124
4 144 850
4 537 558
4 569 56
4 816 684
4 985 366
4 969 144
4 551 972
4 719 919
4 754 768
4 67 414
4 268 405
4 580 965
4 48 506
4 731 816
4 100 158
4 985 687
4 781 425
4 376 213
4 240 212
4 183 329
4 73 865
4 644 495
4 147 684
4 445 102
4 211 558
4 198 388
4 498 334
4 793 40
4 240 80
4 38 799
4 996 442
4 149 818
4 499 267
4 19 753
4 672 508
4 243 196
4 881 758
4 806 934
4 933 303
4 542 844
4 367 243
4 575 36
4 705 605
4 774 890
4 216 862
4 352 890
4 683 60
4 691 810
4 146 232
4 974 742
4 45 688
4 255 751
4 892 360
4 760 237
4 757 614
4 9 594
4 50 530
4 572 920
4 584 602
4 922 779
4 218 701
4 720 39
4 384 925
4 693 115
4 888 978
4 852 225
4 417 537
4 573 467
4 930 301
4 340 219
4 694 407
4 51 339
4 765 903
4 861 370
4 567 255
4 880 81
4 253 190
4 606 691
4 303 966
4 755 658
4 13 317
4 93 936
4 957 39
4 96 71
4 928 95
4 913 31
4 791 34
4 36 587
4 79 400
4 598 45
4 483 755
4 13 951
4 799 668
4 436 899
4 138 287
4 369 730
4 491 886
4 689 285
4 463 873
4 245 61
4 743 538
4 258 340
4 879 40
4 244 714
4 651 644
4 582 156
4 234 309
4 820 101
4 34 217
4 411 658
4 165 269
4 171 810
4 183 911
4 893 579
4 481 554
4 416 988
4 890 469
4 79 947
4 882 72
4 627 123
4 101 604
4 286 369
4 449 461
4 236 377
4 797 966
4 272 469
4 955 768
4 671 768
4 752 900
4 794 964
4 279 438
4 497 717
4 437 870
4 682 605
4 334 481
4 928 368
4 648 786
4 288 767
4 70 906
4 527 396
4 306 599
4 479 587
4 770 554
4 73 19
4 361 834
4 951 707
4 606 476
4 865 430
4 514 427
4 856 89
4 811 660
4 991 486
4 985 956
4 19 319
4 326 299
4 852 860
4 582 830
4 294 24
4 824 97
4 917 878
4 577 199
4 75 225
4 473 424
4 476 677
4 180 891
4 206 34
4 84 677
4 726 502
4 842 936
4 639 951
4 343 883
4 82 759
4 795 788
4 650 819
4 879 552
4 154 216
4 943 479
4 369 188
4 690 900
4 304 904
4 654 368
4 599 477
4 78 83
4 549 961
4 210 468
4 606 802
4 544 448
4 302 986
4 567 702
4 277 344
4 501 821
4 326 461
4 210 167
4 280 5
4 377 140
4 722 207
4 503 666
4 593 500
4 541 779
4 731 53
4 236 975
4 591 575
4 877 223
4 775 570
4 390 926
4 24 898
4 224 544
4 437 893
4 402 443
4 201 563
4 51 126
4 166 59
4 52 223
4 909 994
4 144 272
4 192 235
4 162 357
4 235 765
4 212 390
4 272 530
4 168 481
4 501 459
4 600 164
4 551 308
4 743 218
4 536 333
4 550 235
4 153 529
4 36 516
4 353 219
4 862 399
4 626 300
4 911 105
4 7 324
4 174 169
4 912 588
4 439 723
4 5 413
4 842 114
4 484 911
4 565 83
4 453 350
4 789 685
4 254 892
4 249 755
4 966 157
4 761 907
4 960 395
4 914 87
4 782 738
4 329 105
4 265 524
4 116 5
4 393 194
4 504 635
4 544 215
4 695 566
4 392 404
4 820 593
4 801 990
4 471 702
4 343 589
4 329 753
4 565 471
4 347 295
4 311 571
4 887 537
4 127 184
4 26 771
4 643 988
4 550 124
4 113 463
4 535 914
4 701 881
4 810 8
4 749 819
4 621 289
4 756 161
4 397 516
4 431 606
4 507 902
4 584 622
4 959 736
4 117 380
4 594 477
4 929 799
4 913 172
4 741 196
4 283 5
4 782 122
4 618 541
4 859 60
4 948 517
4 265 564
4 106 283
4 535 37
4 531 969
4 465 300
4 529 775
4 667 472
4 451 154
4 997 950
4 322 347
4 12 407
4 385 198
4 624 435
4 320 712
4 870 863
4 234 915
4 288 744
4 463 412
4 270 881
4 219 398
4 897 258
4 659 212
4 502 630
4 630 450
4 549 524
4 445 802
4 932 681
4 343 987
4 700 826
4 903 754
4 945 568
4 836 150
4 741 200
4 266 495
4 477 278
4 379 441
4 781 530
4 194 975
4 874 213
4 924 579
4 80 85
4 931 593
4 617 125
4 786 914
4 304 2
4 755 618
4 934 107
4 396 607
4 840 439
4 529 301
4 640 37
4 501 751
4 795 47
4 294 892
4 384 692
4 330 112
4 943 288
4 592 5
4 195 700
4 67 191
4 249 731
4 453 981
4 302 321
4 543 518
4 574 779
4 709 648
4 116 645
4 280 936
4 778 907
4 271 796
4 346 302
4 271 229
4 212 69
4 593 671
4 888 919
4 470 106
4 710 838
4 713 312
4 879 223
4 845 786
4 535 647
4 627 480
4 877 980
4 344 532
4 544 781
4 507 400
4 706 152
4 491 591
4 137 162
4 17 119
4 722 865
4 912 911
4 687 412
4 858 502
4 589 238
4 206 903
4 648 880
4 998 246
4 361 976
4 325 493
4 273 931
4 699 266
4 660 691
4 342 226
4 431 527
4 204 363
4 715 414
4 673 211
4 730 104
4 969 271
4 323 958
4 560 271
4 467 856
4 577 9
4 614 973
4 634 969
4 653 46
4 74 341
4 196 965
4 635 940
4 182 932
4 116 200
4 111 88
4 939 691
4 897 864
4 987 868
4 716 798
4 825 584
4 194 106
4 886 838
4 814 648
4 331 983
4 239 706
4 929 798
4 189 711
4 49 732
4 654 943
4 347 277
4 831 541
4 202 934
4 819 186
4 272 240
4 849 562
4 76 749
4 195 468
4 743 603
4 967 659
4 700 213
4 330 709
4 666 176
4 533 47
4 463 490
4 858 923
4 611 969
4 484 69
4 778 381
4 248 208
4 835 143
4 519 952
4 52 905
4 867 477
4 704 690
4 170 629
4 879 620
4 640 229
4 722 18
4 932 816
4 464 256
4 106 486
4 21 455
4 961 555
4 888 697
4 599 127
4 636 352
4 351 634
4 763 397
4 918 893
4 940 391
4 195 797
4 441 332
4 225 367
4 338 18
4 653 793
4 169 52
4 508 847
4 495 473
4 907 340
4 292 440
4 944 990
4 861 524
4 577 435
4 552 974
4 954 102
4 541 922
4 356 431
4 332 412
4 711 651
4 194 870
4 458 911
4 578 270
4 153 292
4 191 802
4 687 486
4 153 723
4 47 53
4 57 215
4 281 356
4 184 38
4 499 97
4 912 126
4 825 530
4 11 509
4 228 335
4 947 467
4 84 231
4 638 174
4 493 787
4 728 853
4 60 404
4 47 803
4 358 458
4 134 79
4 601 862
4 227 861
4 596 6
4 890 886
4 330 953
4 301 350
4 981 829
4 542 806
4 530 59
4 334 868
4 787 988
4 953 158
4 333 395
4 979 378
4 20 329
4 15 592
4 968 594
4 880 695
4 545 154
4 878 306
4 494 301
4 492 296
4 358 280
4 237 794
4 373 199
4 151 304
4 835 418
4 689 935
4 232 389
4 790 918
4 475 581
4 489 823
4 692 219
4 348 865
4 84 272
4 247 794
4 510 126
4 24 756
4 426 844
4 282 527
4 867 95
4 585 890
4 485 194
4 762 884
4 981 463
4 246 819
4 591 317
4 213 952
4 411 273
4 714 554
4 170 852
4 865 806
4 354 970
4 993 654
4 85 535
4 510 462
4 371 87
4 402 940
4 236 377
4 470 801
4 972 747
4 324 205
4 332 888
4 741 277
4 439 500
4 564 921
4 745 833
4 514 646
4 445 102
4 310 979
4 777 89
4 741 235
4 617 100
4 603 594
4 717 50
4 700 883
4 845 394
4 394 75
4 835 970
4 862 831
4 599 472
4 43 733
4 883 678
4 382 920
4 915 688
4 504 926
4 645 78
4 245 2
4 611 591
4 952 464
4 534 669
4 391 218
4 207 318
4 806 318
4 702 663
4 86 515
4 941 317
4 194 34
4 95 727
4 235 582
4 358 572
4 393 86
4 192 481
4 529 662
4 790 353
4 429 750
4 485 883
4 290 591
4 491 302
4 918 710
4 633 8
4 101 279
4 356 172
4 570 38
4 21 856
4 657 910
4 915 253
4 151 876
4 604 255
4 573 81
4 409 393
4 371 41
4 484 983
4 477 716
4 811 42
4 186 405
4 127 905
4 778 275
4 252 515
4 145 747
4 713 487
4 666 167
4 137 532
4 602 508
4 672 175
4 17 214
4 181 127
4 42 341
4 64 518
4 241 203
4 613 526
4 929 649
4 443 465
4 797 402
4 828 798
4 425 5
4 765 784
4 187 358
4 802 181
4 671 697
4 505 791
4 72 835
4 348 838
4 651 786
4 105 398
4 491 386
4 361 168
4 582 495
4 937 37
4 873 4
4 774 826
4 421 353
4 929 6
4 594 260
4 578 406
4 977 143
4 165 936
4 197 714
4 359 100
4 483 886
4 844 577
4 608 712
4 283 56
4 728 144
4 826 277
4 128 105
4 911 977
4 836 974
4 537 182
4 434 950
4 153 896
4 218 121
4 529 978
4 168 38
4 640 586
4 300 929
4 638 589
4 387 74
4 803 765
4 497 957
4 809 779
4 72 4
4 765 939
4 588 75
4 681 951
4 656 421
4 679 963
4 400 647
4 279 369
4 338 690
4 869 589
4 266 241
4 234 334
4 935 77
4 360 226
4 491 692
4 484 681
4 470 61
4 176 820
4 81 854
4 649 83
4 140 490
4 970 786
4 251 418
4 487 990
4 296 856
4 367 591
4 311 52
4 312 201
4 825 890
4 962 309
4 693 500
4 247 223
4 354 156
4 700 581
4 446 911
4 698 242
4 462 0
4 260 124
4 833 744
4 950 319
4 591 548
4 153 957
4 159 893
4 475 756
4 237 899
4 906 274
4 633 776
4 757 935
4 432 163
4 275 100
4 412 366
4 318 559
4 417 219
4 585 656
4 410 894
4 74 914
4 208 527
4 342 524
4 944 260
4 436 974
4 971 689
4 976 770
4 145 292
4 834 850
4 558 979
4 801 166
4 830 947
4 853 333
4 231 850
4 669 517
4 169 644
4 249 563
4 641 562
4 443 190
4 649 503
4 355 275
4 849 100
4 730 61
4 599 127
4 469 632
4 894 873
4 942 12
4 841 2
4 171 430
4 434 939
4 70 534
4 175 650
4 908 172
4 608 922
4 239 441
4 216 841
4 84 147
4 323 530
4 853 888
4 661 94
4 691 819
4 955 601
4 237 841
4 172 521
4 614 745
4 551 569
4 976 856
4 749 676
4 460 178
4 18 987
4 116 11
4 72 184
4 739 239
4 630 332
4 385 830
4 851 412
4 194 596
4 224 192
4 349 0
4 55 748
4 172 19
4 873 430
4 354 204
4 9 285
4 561 738
4 919 546
4 539 247
4 881 418
4 230 977
4 261 194
4 467 431
4 606 723
4 423 426
4 363 790
4 428 424
4 659 44
4 725 63
4 252 663
4 759 227
4 824 231
4 143 482
4 148 201
4 676 225
4 155 219
4 919 293
4 346 413
4 930 754
4 566 402
4 476 265
4 107 189
4 926 117
4 152 31
4 764 652
4 691 728
4 495 794
4 717 556
4 415 89
4 72 800
4 349 701
4 462 975
4 711 368
4 248 538
4 408 485
4 197 329
4 866 255
4 794 680
4 327 141
4 480 140
4 107 943
4 270 16
4 792 441
4 529 972
4 20 461
4 342 677
4 45 511
4 439 702
4 519 100
4 149 260
4 622 398
4 653 406
4 486 846
4 975 781
4 162 525
4 316 579
4 475 537
4 239 143
4 252 262
4 55 417
4 474 227
4 684 147
4 556 367
4 13 62
4 618 974
4 70 31
4 144 223
4 191 331
4 396 475
4 592 412
4 700 228
4 296 292
4 962 134
4 252 226
4 355 386
4 319 169
4 624 773
4 637 431
4 798 366
4 181 406
4 199 238
4 805 598
4 354 378
4 751 704
4 425 53
4 564 254
4 923 888
4 271 682
4 26 947
4 176 871
4 187 624
4 657 388
4 939 163
4 56 795
4 591 97
4 913 172
4 921 20
4 668 185
4 173 523
4 443 385
4 917 34
4 659 115
1000 1000
695
358
405
862
555
974
748
239
468
195
131
732
446
138
934
772
869
243
439
470
96
118
220
146
124
173
75
213
172
257
463
663
522
855
784
847
997
932
925
332
915
613
503
476
436
104
37
444
451
665
928
258
320
149
167
679
6
291
637
799
723
383
705
638
427
437
377
614
351
538
672
795
452
518
210
186
544
19
99
101
762
205
898
279
866
134
970
771
945
359
686
880
268
7
508
302
805
169
381
240
209
959
715
626
640
920
383
12
999
320
592
610
244
136
807
128
801
228
231
218
887
185
597
144
906
617
774
87
107
543
399
427
309
879
853
157
825
390
46
264
91
755
883
369
764
534
268
951
627
290
497
668
910
854
165
952
615
227
845
722
989
153
681
327
655
57
297
109
493
182
230
868
34
844
619
0
816
728
993
782
713
27
914
576
618
292
415
698
7
630
259
516
449
122
824
779
236
359
775
759
413
481
456
97
891
890
744
820
896
555
168
841
14
526
402
174
211
247
797
2
111
996
730
320
742
222
74
376
49
654
598
384
714
541
189
77
30
29
700
593
725
683
635
532
158
743
317
352
969
357
300
676
271
864
154
10
262
263
486
5
664
346
186
590
326
591
623
815
454
411
382
719
183
88
770
45
839
14
739
871
68
140
556
40
266
852
443
204
56
556
500
403
25
232
873
822
732
704
849
335
15
316
427
455
409
178
646
625
602
994
85
490
731
88
287
790
511
76
319
355
539
430
870
727
732
98
520
237
766
179
924
166
162
669
584
642
660
425
103
949
533
923
735
171
199
51
253
899
432
979
716
818
193
310
450
48
240
575
242
509
995
918
375
554
601
258
356
378
196
333
467
572
293
135
647
214
736
913
941
260
780
585
688
801
719
922
249
875
860
761
54
836
745
949
234
770
694
283
123
696
752
256
473
367
455
611
620
624
404
943
872
430
984
768
791
161
143
505
169
991
506
903
741
177
568
125
985
794
296
416
520
153
688
520
756
335
381
542
551
51
939
338
884
423
583
430
489
207
225
569
677
314
26
159
285
312
796
340
75
562
175
529
163
743
631
609
297
314
339
926
525
931
38
203
41
251
192
731
345
32
851
842
794
412
863
612
993
94
113
139
129
499
578
835
254
86
906
832
360
189
402
581
76
629
270
643
421
265
977
850
160
531
396
231
740
589
278
533
983
53
707
734
833
260
285
488
395
533
967
52
191
521
11
885
972
496
285
553
897
348
583
808
182
978
81
648
301
448
649
746
717
156
479
770
804
636
250
687
662
198
436
497
993
119
382
980
596
256
513
916
918
964
621
878
321
600
800
889
389
759
421
182
695
527
348
919
379
810
917
579
245
682
921
161
504
284
901
200
433
595
632
843
102
221
507
354
267
471
817
652
109
268
753
133
566
176
905
710
564
605
858
64
492
123
823
877
599
914
104
501
725
653
491
320
824
658
147
152
818
370
498
961
392
651
992
547
353
947
528
699
962
536
622
61
188
457
673
110
848
895
144
131
344
557
535
856
953
314
97
537
698
329
560
989
20
281
624
750
514
697
831
577
28
957
515
219
42
721
590
502
706
436
517
891
993
496
709
144
976
43
786
103
782
20
806
59
500
783
460
552
261
729
988
355
680
773
607
867
417
570
705
975
956
334
702
321
126
565
371
152
708
204
394
319
608
80
363
726
746
667
336
965
830
266
861
940
269
571
424
874
993
150
869
623
370
78
366
155
365
447
767
431
542
982
268
39
477
459
182
798
933
285
777
942
169
993
391
827
182
559
93
587
233
95
695
428
803
701
60
986
643
892
308
210
842
82
535
886
930
114
760
0
793
859
118
241
987
802
375
826
67
121
170
790
9
94
340
118
127
92
487
306
466
84
480
743
323
314
893
184
106
693
33
914
252
370
480
692
458
812
407
362
838
691
789
909
955
661
512
31
990
398
375
223
633
524
70
955
567
442
690
164
482
44
169
904
783
305
797
741
13
902
304
65
90
69
144
454
482
712
216
872
41
49
148
941
574
248
669
644
320
801
530
23
412
461
401
737
52
255
540
754
588
55
968
778
324
73
72
834
937
618
341
156
340
368
669
307
950
447
462
178
422
226
691
981
384
35
485
647
445
828
469
560
181
349
215
325
21
964
151
993
201
606
214
639
386
361
794
944
74
914
393
288
580
509
918
876
948
206
928
814
4
912
603
918
180
24
753
963
809
244
935
561
429
418
678
938
907
616
75
639
958
719
334
372
842
231
582
908
537
276
75
888
545
274
116
819
272
785
4 310 251
4 62 619
4 15 858
4 719 118
4 726 262
4 5 182
4 222 956
4 339 928
4 977 821
4 84 111
4 413 119
4 437 277
4 475 678
4 473 128
4 165 879
4 251 368
4 877 961
4 6 712
4 770 618
4 866 444
4 463 110
4 720 578
4 218 842
4 894 535
4 92 784
4 105 484
4 916 808
4 141 342
4 674 217
4 323 551
4 877 276
4 314 216
4 916 593
4 946 674
4 460 782
4 473 561
4 929 40
4 403 862
4 12 821
4 39 960
4 963 266
4 358 939
4 479 837
4 129 756
4 528 158
4 151 206
4 389 362
4 87 726
4 855 848
4 411 954
4 123 768
4 734 177
4 629 945
4 996 221
4 614 879
4 723 463
4 613 327
4 845 647
4 561 386
4 70 123
4 156 480
4 637 247
4 269 523
4 445 119
4 447 686
4 591 656
4 762 682
4 175 666
4 359 808
4 155 263
4 33 692
4 957 975
4 37 467
4 720 228
4 163 791
4 721 811
4 526 791
4 651 577
4 29 160
4 292 890
4 906 898
4 361 207
4 853 250
4 49 488
4 610 690
4 307 964
4 294 11
4 662 380
4 92 783
4 13 849
4 298 375
4 872 471
4 473 558
4 104 426
4 109 361
4 538 927
4 590 807
4 522 87
4 608 65
4 398 491
4 913 73
4 368 897
4 525 4
4 358 46
4 208 718
4 236 134
4 535 377
4 501 192
4 692 327
4 830 662
4 136 554
4 993 203
4 897 426
4 858 294
4 470 849
4 12 60
4 696 372
4 876 675
4 90 330
4 224 790
4 283 646
4 495 17
4 377 790
4 595 729
4 936 296
4 260 505
4 643 220
4 86 842
4 781 162
4 77 937
4 470 891
4 732 150
4 260 156
4 162 748
4 153 748
4 869 868
4 995 231
4 61 272
4 55 873
4 35 231
4 799 334
4 440 561
4 95 569
4 858 766
4 543 811
4 305 851
4 690 822
4 921 681
4 667 349
4 113 947
4 638 147
4 551 304
4 779 205
4 827 290
4 480 912
4 3 254
4 959 439
4 235 544
4 539 771
4 122 852
4 820 768
4 921 247
4 251 112
4 226 797
4 681 416
4 539 874
4 350 204
4 770 702
4 592 877
4 509 181
4 335 586
4 411 635
4 927 93
4 829 284
4 602 131
4 583 183
4 946 174
4 798 815
4 98 66
4 425 232
4 825 741
4 723 26
4 959 949
4 36 756
4 76 390
4 677 83
4 257 342
4 110 210
4 599 534
4 438 131
4 708 832
4 48 353
4 152 630
4 112 826
4 897 546
4 898 575
4 282 748
4 672 623
4 727 218
4 551 357
4 554 88
4 173 555
4 614 19
4 288 502
4 727 442
4 739 960
4 99 864
4 490 877
4 104 485
4 647 493
4 969 240
4 217 920
4 945 239
4 442 284
4 661 27
4 658 572
4 583 464
4 341 9
4 272 101
4 941 554
4 852 973
4 649 606
4 345 17
4 954 80
4 546 447
4 737 625
4 375 656
4 713 530
4 864 345
4 902 614
4 505 677
4 943 53
4 808 645
4 384 333
4 40 471
4 531 401
4 476 218
4 256 841
4 823 369
4 614 600
4 979 363
4 47 122
4 472 190
4 634 289
4 957 333
4 415 662
4 802 927
4 911 905
4 968 896
4 932 634
4 399 693
4 686 196
4 547 626
4 784 736
4 979 238
4 257 140
4 479 958
4 985 696
4 211 214
4 696 206
4 796 752
4 241 364
4 625 969
4 289 694
4 63 205
4 495 138
4 115 763
4 936 17
4 483 948
4 480 794
4 969 785
4 416 828
4 532 513
4 902 43
4 997 552
4 242 389
4 164 285
4 331 197
4 309 654
4 732 45
4 16 161
4 2 677
4 538 681
4 699 708
4 334 996
4 851 116
4 295 103
4 494 327
4 424 72
4 304 715
4 278 471
4 398 499
4 630 783
4 913 845
4 422 313
4 442 358
4 2 811
4 344 881
4 988 355
4 61 24
4 758 176
4 31 232
4 37 311
4 976 506
4 289 254
4 969 506
4 422 876
4 732 608
4 774 735
4 392 91
4 457 183
4 280 600
4 497 547
4 178 287
4 371 887
4 14 557
4 410 710
4 479 477
4 336 18
4 572 190
4 811 660
4 258 124
4 657 438
4 949 864
4 733 722
4 128 525
4 570 366
4 661 286
4 632 396
4 532 9
4 721 863
4 132 22
4 733 439
4 111 964
4 455 158
4 496 916
4 432 856
4 51 955
4 634 214
4 199 513
4 906 36
4 57 951
4 279 171
4 719 366
4 710 324
4 429 892
4 632 188
4 328 840
4 235 838
4 593 66
4 936 733
4 737 929
4 81 954
4 42 962
4 279 391
4 533 721
4 415 147
4 548 268
4 914 801
4 786 241
4 391 760
4 375 538
4 138 727
4 344 660
4 503 347
4 42 103
4 625 533
4 457 54
4 183 459
4 663 846
4 475 156
4 396 556
4 803 508
4 351 554
4 589 691
4 892 320
4 628 492
4 822 599
4 400 658
4 795 232
4 337 181
4 101 249
4 36 834
4 977 655
4 719 494
4 402 614
4 249 721
4 341 768
4 395 87
4 885 430
4 652 640
4 410 941
4 684 775
4 198 838
4 977 699
4 719 675
4 961 224
4 787 671
4 979 449
4 286 965
4 696 322
4 664 357
4 445 62
4 365 689
4 434 158
4 971 607
4 825 323
4 396 46
4 881 819
4 65 545
4 7 721
4 945 823
4 944 160
4 131 821
4 875 54
4 406 459
4 137 494
4 735 730
4 132 858
4 94 520
4 976 578
4 940 959
4 796 342
4 810 87
4 401 316
4 20 380
4 604 521
4 490 122
4 793 252
4 345 218
4 591 251
4 689 825
4 881 309
4 953 154
4 15 534
4 348 367
4 883 733
4 158 687
4 421 27
4 467 338
4 413 591
4 481 827
4 881 822
4 598 196
4 889 93
4 455 819
4 476 885
4 483 161
4 398 637
4 106 954
4 827 50
4 906 147
4 805 704
4 961 395
4 491 859
4 21 121
4 366 99
4 111 985
4 521 694
4 821 700
4 502 472
4 898 604
4 753 646
4 154 599
4 307 661
4 772 463
4 30 356
4 535 36
4 803 724
4 653 289
4 344 451
4 180 893
4 79 431
4 62 687
4 26 875
4 657 383
4 322 849
4 590 763
4 965 977
4 3 356
4 492 403
4 350 778
4 406 857
4 749 45
4 512 291
4 1 267
4 223 567
4 621 279
4 219 551
4 983 762
4 162 177
4 445 412
4 58 449
4 265 531
4 720 185
4 632 357
4 48 307
4 714 642
4 980 889
4 377 566
4 376 331
4 523 756
4 871 833
4 709 954
4 391 446
4 349 18
4 669 10
4 548 787
4 527 264
4 150 47
4 445 499
4 138 533
4 277 691
4 207 820
4 518 932
4 846 730
4 218 205
4 675 538
4 636 428
4 257 791
4 29 916
4 723 7
4 214 473
4 21 612
4 47 719
4 584 778
4 625 290
4 749 820
4 864 310
4 352 4
4 428 473
4 616 99
4 738 95
4 533 553
4 218 429
4 648 444
4 808 360
4 202 747
4 551 710
4 103 896
4 630 190
4 148 125
4 382 531
4 985 521
4 446 25
4 564 139
4 390 433
4 359 213
4 862 42
4 919 400
4 553 899
4 949 461
4 789 878
4 527 995
4 257 933
4 889 516
4 178 969
4 446 458
4 993 656
4 466 39
4 642 271
4 505 397
4 14 718
4 106 371
4 91 468
4 576 961
4 332 209
4 633 80
4 374 728
4 926 668
4 635 766
4 418 405
4 92 206
4 805 191
4 745 506
4 130 293
4 371 891
4 460 867
4 94 950
4 287 275
4 304 835
4 908 171
4 333 242
4 995 504
4 787 677
4 927 453
4 458 511
4 792 303
4 361 439
4 447 377
4 77 243
4 302 609
4 297 325
4 362 600
4 680 18
4 82 347
4 543 451
4 4 625
4 466 981
4 390 464
4 528 968
4 639 460
4 267 448
4 498 942
4 575 778
4 576 830
4 480 638
4 163 490
4 16 572
4 323 638
4 569 539
4 552 857
4 446 944
4 915 256
4 193 171
4 293 879
4 297 157
4 492 68
4 587 236
4 484 716
4 196 85
4 25 977
4 120 488
4 37 991
4 314 300
4 796 974
4 661 767
4 96 265
4 744 44
4 886 120
4 733 148
4 557 825
4 503 299
4 781 68
4 456 378
4 184 948
4 867 169
4 902 174
4 73 99
4 230 168
4 907 366
4 865 437
4 266 845
4 623 648
4 808 771
4 36 838
4 848 11
4 683 306
4 914 33
4 803 84
4 931 562
4 79 102
4 714 348
4 171 766
4 132 236
4 51 510
4 530 451
4 604 787
4 527 830
4 427 15
4 843 238
4 58 12
4 275 323
4 409 254
4 469 842
4 418 266
4 366 68
4 511 74
4 699 538
4 148 330
4 560 407
4 838 791
4 403 827
4 814 321
4 309 656
4 903 522
4 534 417
4 657 945
4 498 351
4 641 323
4 759 758
4 31 563
4 387 346
4 204 521
4 945 882
4 966 676
4 98 690
4 997 330
4 677 319
4 166 460
4 755 247
4 566 230
4 708 364
4 708 721
4 350 531
4 874 642
4 613 763
4 192 432
4 436 326
4 948 926
4 315 772
4 864 462
4 943 904
4 486 640
4 100 791
4 802 552
4 206 967
4 170 918
4 138 871
4 124 364
4 859 480
4 994 946
4 5 682
4 3 745
4 988 463
4 669 605
4 785 929
4 49 25
4 449 556
4 312 87
4 65 26
4 957 15
4 295 288
4 683 763
4 94 310
4 663 460
4 79 161
4 662 118
4 59 830
4 608 558
4 832 834
4 507 865
4 415 536
4 301 808
4 728 422
4 578 18
4 478 653
4 511 224
4 406 19
4 565 175
4 607 382
4 645 537
4 665 325
4 919 205
4 111 311
4 981 309
4 850 136
4 363 718
4 90 582
4 875 294
4 415 179
4 643 733
4 208 914
4 491 115
4 750 126
4 159 262
4 584 134
4 591 862
4 944 114
4 250 750
4 592 857
4 450 820
4 856 529
4 724 375
4 126 480
4 205 573
4 382 514
4 34 414
4 695 820
4 129 240
4 628 194
4 860 376
4 550 320
4 108 29
4 125 542
4 769 932
4 178 106
4 552 265
4 824 327
4 903 243
4 11 131
4 945 54
4 535 610
4 969 399
4 148 301
4 361 417
4 113 498
4 362 720
4 251 89
4 284 659
4 348 13
4 953 224
4 378 335
4 561 30
4 788 465
4 551 724
4 311 955
4 392 506
4 113 820
4 846 125
4 859 325
4 925 545
4 55 393
4 826 625
4 219 888
4 206 515
4 884 729
4 87 577
4 685 65
4 124 78
4 263 58
4 416 872
4 776 737
4 184 294
4 502 786
4 107 169
4 201 867
4 757 412
4 592 132
4 310 119
4 150 60
4 378 570
4 980 148
4 210 439
4 31 190
4 824 845
4 547 618
4 221 642
4 33 830
4 817 223
4 269 430
4 119 262
4 933 896
4 340 981
4 340 813
4 909 942
4 804 481
4 159 991
4 27 525
4 242 771
4 224 759
4 310 7
4 145 998
4 519 631
4 874 245
4 918 577
4 250 18
4 990 367
4 208 652
4 710 3
4 544 66
4 297 404
4 581 219
4 376 371
4 5 553
4 352 557
4 672 751
4 264 658
4 146 352
4 352 606
4 724 805
4 340 805
4 481 978
4 91 694
4 206 769
4 513 180
4 807 3
4 571 555
4 212 545
4 404 259
4 277 79
4 883 252
4 640 89
4 362 798
4 870 900
4 671 224
4 247 594
4 996 975
4 787 980
4 716 367
4 795 330
4 147 262
4 606 521
4 340 125
4 33 11
4 595 890
4 820 610
4 87 91
4 705 44
4 840 884
4 305 51
4 366 73
4 476 415
4 26 120
4 602 712
4 395 547
4 888 14
4 318 717
4 310 632
4 707 748
4 719 329
4 731 260
4 997 265
4 371 649
4 299 882
4 99 185
4 841 716
4 261 603
4 794 523
4 853 786
4 273 479
4 933 492
4 689 145
4 558 582
4 819 967
4 688 835
4 939 687
4 305 734
4 477 177
4 201 44
4 923 579
4 401 657
4 902 421
4 671 555
4 149 319
4 245 360
4 702 389
4 774 640
4 667 662
4 771 521
4 432 275
4 340 677
4 349 833
4 968 330
4 957 203
4 778 967
4 147 645
4 409 414
4 57 915
4 694 194
4 635 516
4 835 542
4 49 396
4 360 458
4 819 382
4 409 216
4 299 414
4 172 388
4 990 621
4 327 220
4 278 80
4 879 767
4 217 32
4 745 212
4 702 742
4 980 302
4 345 224
4 615 59
4 741 367
4 536 593
4 121 239
4 830 694
4 260 436
4 117 274
4 148 51
4 615 576
4 649 989
4 45 406
4 312 466
4 525 75
4 926 134
4 619 792
4 402 430
4 548 547
4 966 878
4 723 156
4 380 834
4 145 549
4 71 558
4 358 909
4 67 735
4 37 993
4 191 88
4 230 98
4 3 224
4 68 946
4 185 390
4 797 201
4 71 299
4 112 509
4 784 636
4 682 533
4 230 846
4 983 452
4 994 265
4 252 839
4 288 738
4 271 633
4 219 122
4 602 870
