5
1000 1010 1000
906 93
190 407
400 692
764 182
664 467
390 780
585 577
441 972
638 24
586 917
814 20
840 999
98 691
959 931
0 571
464 728
621 472
704 21
373 252
896 546
470 880
373 243
279 543
441 506
764 656
0 409
671 345
664 268
654 509
981 477
745 514
8 40
671 118
652 612
213 288
671 551
400 25
578 442
774 663
705 348
476 401
390 627
896 86
77 399
80 189
103 307
168 210
526 759
52 29
490 206
517 632
110 360
213 733
81 332
211 598
27 801
742 386
633 685
534 562
249 22
241 843
646 918
764 766
81 899
503 448
128 934
336 640
416 675
35 782
25 908
7 992
497 897
279 254
98 167
553 363
128 737
3 216
241 96
638 802
464 878
566 633
571 98
737 35
553 928
617 582
82 586
934 389
190 117
571 171
213 788
978 244
692 575
638 276
470 970
586 344
241 841
580 890
812 23
654 830
840 75
508 855
627 438
444 186
553 701
846 550
646 375
52 242
922 398
50 57
84 31
128 732
814 756
503 71
416 895
883 818
652 287
553 936
646 463
906 574
526 121
566 444
566 671
638 478
934 198
553 964
692 862
400 883
409 704
67 590
128 336
52 139
168 315
476 66
737 141
664 420
934 771
814 754
780 263
444 950
491 718
633 524
362 655
639 870
639 583
526 680
416 359
647 973
586 522
120 741
190 661
973 945
25 427
25 552
633 126
745 63
922 614
235 516
373 744
752 877
84 584
981 421
120 295
571 664
235 751
705 197
440 10
362 283
444 450
373 559
190 166
639 175
633 926
704 677
440 324
480 215
68 18
80 561
638 513
8 471
171 237
845 424
652 530
279 808
103 275
553 352
168 428
580 88
441 778
8 245
279 258
476 147
692 715
657 548
441 188
390 249
8 958
517 415
190 488
639 668
491 413
409 362
441 204
68 874
633 468
959 615
213 564
336 209
103 157
120 395
98 36
84 606
517 357
883 504
102 94
416 748
397 423
617 684
3 512
52 604
82 553
490 616
103 4
400 211
646 942
812 781
241 39
128 580
553 495
409 585
654 294
752 437
497 839
585 976
639 706
373 224
764 178
7 767
298 527
190 100
8 770
441 947
906 622
27 184
409 480
8 236
633 32
409 416
638 793
81 292
279 221
503 9
102 431
476 179
444 932
213 195
50 570
671 214
752 869
68 106
617 910
617 396
67 810
110 605
764 589
646 789
526 320
812 711
508 12
279 327
7 821
373 681
464 130
745 944
25 124
7 483
633 376
978 914
211 957
779 311
373 61
82 67
922 38
812 272
464 369
213 618
779 952
390 99
50 537
526 710
27 430
692 383
464 149
497 474
503 192
103 402
464 172
621 523
50 87
3 161
517 591
279 894
534 825
39 853
621 248
491 484
578 65
752 911
973 858
737 180
627 183
896 528
7 140
906 451
627 343
0 82
84 59
82 526
298 290
566 7
638 984
110 746
906 519
490 696
7 392
883 804
444 5
585 404
599 8
646 532
846 123
80 371
580 872
0 128
978 426
927 278
586 30
503 176
120 351
390 906
883 713
586 716
68 309
362 619
652 832
25 46
934 929
110 800
168 799
617 133
362 42
846 909
99 410
390 534
812 721
647 700
298 844
896 568
774 505
84 316
362 116
599 654
526 827
99 786
50 755
654 293
120 511
603 232
978 667
705 547
922 107
190 662
416 666
490 521
959 558
68 259
249 43
171 594
639 949
906 847
845 364
241 349
464 785
128 77
235 982
599 981
98 44
213 381
508 6
647 190
7 536
444 540
82 27
603 886
700 132
508 162
774 637
906 850
441 762
814 308
654 868
978 935
77 782
476 722
780 153
654 849
213 940
77 231
883 83
67 809
241 602
959 494
0 566
470 1
298 775
617 419
190 938
779 329
814 904
779 792
235 743
211 34
171 898
27 498
978 104
491 761
128 235
77 875
578 326
578 131
77 134
745 60
627 152
526 160
336 333
578 634
336 425
978 230
906 379
497 144
526 686
490 196
603 325
633 919
211 405
981 948
99 560
814 502
599 491
81 921
336 74
298 202
80 90
646 19
752 533
409 168
211 757
508 346
336 374
922 683
764 679
171 358
705 304
50 185
110 207
497 222
68 980
812 806
82 241
400 621
503 995
476 69
103 693
779 270
81 155
580 820
211 350
840 257
235 33
82 3
981 452
633 331
211 699
298 763
103 557
73 326
279 239
774 137
571 845
603 79
959 135
470 342
25 274
400 50
534 987
752 773
99 961
566 470
99 456
774 296
934 772
103 933
845 659
780 657
441 885
400 68
896 56
737 340
617 101
585 866
3 965
922 687
705 443
973 740
652 726
80 893
883 697
586 347
171 996
896 388
812 113
846 330
497 429
440 529
400 846
470 313
373 963
416 199
491 148
470 549
603 857
671 966
336 835
241 306
840 797
571 476
647 508
52 819
249 317
639 937
737 971
981 449
99 382
25 796
959 861
845 824
279 380
580 493
52 265
585 834
67 555
704 159
490 876
390 298
639 48
704 925
774 112
654 643
128 441
441 597
737 588
705 181
652 515
416 573
99 314
491 174
692 889
400 517
508 145
664 905
553 842
534 194
845 879
362 865
846 356
621 626
845 734
25 703
934 445
120 798
745 285
235 45
978 266
497 54
77 735
621 831
906 930
981 673
190 72
508 485
571 978
68 489
27 753
82 497
99 989
978 151
503 765
627 208
638 611
664 26
700 267
517 414
241 28
27 255
249 863
298 173
440 738
81 465
102 650
580 817
7 481
279 548
67 708
883 946
621 205
664 856
0 599
77 916
774 610
25 975
508 723
671 651
621 434
213 912
503 85
3 355
249 300
578 923
84 143
846 158
336 340
647 52
416 698
973 678
82 84
444 776
440 829
922 217
586 473
102 453
168 565
235 689
752 282
603 669
585 466
102 682
84 233
846 791
336 418
497 422
534 816
8 15
571 110
67 97
934 286
764 366
249 301
639 881
883 310
249 672
409 752
235 115
7 539
80 953
780 353
98 727
664 289
621 435
646 339
627 281
578 193
671 354
664 977
814 406
578 92
599 81
705 979
409 814
534 717
110 725
692 47
3 253
491 826
627 492
409 102
77 538
27 76
764 138
476 986
840 525
81 924
168 335
27 319
896 501
745 859
99 620
780 338
578 391
98 988
737 712
102 370
704 260
627 943
390 373
517 805
99 631
812 811
67 784
235 13
978 447
779 150
646 278
973 891
737 89
973 600
8 111
3 386
845 768
585 882
704 758
603 871
390 440
491 695
840 790
654 660
973 91
981 299
764 702
50 676
482 998
8 462
599 639
896 165
671 998
440 264
705 747
621 913
67 500
470 569
745 836
580 960
81 461
480 479
517 837
490 305
241 256
654 499
171 531
490 985
120 644
896 887
580 334
98 864
981 17
599 812
580 730
440 487
508 507
704 593
390 578
845 813
700 688
110 122
241 105
764 247
752 129
80 554
585 535
934 653
692 994
444 469
503 337
779 397
103 624
745 482
128 638
84 609
814 240
336 170
168 739
409 646
566 745
80 794
846 387
27 823
534 833
84 852
400 617
627 297
534 154
480 709
692 601
3 322
171 648
603 37
599 120
617 900
883 542
480 328
922 714
480 579
571 922
416 635
52 411
0 647
585 541
671 731
617 378
814 720
705 250
0 390
553 892
168 636
336 368
249 49
81 457
470 486
373 974
128 896
470 284
617 109
846 394
298 16
627 446
50 939
27 365
110 226
646 803
700 544
120 854
586 219
737 625
652 361
25 51
812 191
779 14
67 807
845 318
571 840
812 870
652 234
440 220
362 518
444 587
566 764
98 439
692 990
441 576
959 436
922 736
745 749
774 412
840 760
476 223
171 227
704 271
110 146
102 848
235 455
517 312
737 642
633 11
103 246
652 417
534 73
973 545
700 341
840 95
639 229
700 993
664 630
508 783
603 707
476 954
840 956
517 432
578 238
52 750
491 694
120 907
654 822
503 967
68 915
464 641
480 125
981 372
362 795
168 251
896 581
700 556
213 64
67 853
586 742
704 291
700 302
388 665
745 169
440 860
102 567
480 941
906 997
362 649
973 127
692 62
80 595
77 608
566 774
671 955
553 228
52 323
599 80
298 454
249 867
571 503
639 303
68 393
981 163
934 212
470 983
476 510
586 815
211 142
704 156
566 464
480 108
249 177
98 475
464 385
490 496
416 119
120 164
652 903
774 269
497 408
647 603
934 628
647 959
517 596
362 690
780 136
779 724
638 777
82 705
585 273
752 563
973 888
780 70
298 670
491 623
440 902
603 520
490 645
7 674
81 280
599 652
700 969
3 201
373 433
780 658
526 218
211 629
480 927
444 851
497 384
50 613
190 838
464 53
621 58
922 2
779 884
959 200
102 225
171 277
647 213
68 991
168 262
774 828
959 423
84 203
480 873
171 920
700 901
780 951
211 787
638 665
102 729
845 377
705 719
883 592
77 607
526 968
80 41
0 103
664 78
840 572
50 769
959 321
8 403
647 490
52 187
752 261
780 114
3 962
566 279
110 367
814 458
98 460
846 55
0 400
647 779
534 459
3 239 772
3 488 720
3 620 777
3 7 189
3 853 389
3 609 59
3 746 321
3 471 550
3 566 409
3 81 347
3 549 811
3 7 729
3 760 118
3 696 906
3 655 555
3 760 484
3 769 395
3 152 759
3 788 935
3 807 718
3 272 869
3 754 744
3 741 316
3 948 185
3 41 449
3 97 696
3 40 573
3 194 510
3 135 911
3 281 381
3 328 87
3 682 870
3 111 325
3 948 911
3 33 141
3 581 171
3 848 956
3 161 486
3 678 456
3 838 974
3 905 805
3 246 147
3 351 793
3 202 562
3 22 996
3 248 556
3 350 122
3 752 42
3 291 22
3 850 240
3 418 428
3 108 464
3 724 366
3 854 357
3 490 593
3 482 600
3 44 85
3 799 348
3 148 326
3 322 433
3 220 126
3 911 482
3 102 123
3 983 216
3 284 187
3 388 421
3 143 770
3 886 22
3 972 539
3 537 251
3 170 968
3 382 476
3 260 613
3 126 857
3 818 383
3 539 128
3 271 968
3 956 506
3 358 859
3 338 242
3 416 61
3 730 508
3 92 564
3 829 223
3 681 719
3 669 864
3 468 899
3 98 730
3 251 741
3 27 980
3 65 964
3 190 410
3 737 656
3 12 100
3 11 150
3 887 482
3 702 409
3 398 788
3 841 107
3 748 738
3 729 27
3 501 948
3 652 131
3 403 576
3 631 39
3 607 135
3 905 967
3 306 355
3 999 903
3 940 146
3 72 984
3 598 131
3 498 290
3 649 412
3 880 375
3 436 512
3 848 134
3 272 902
3 160 636
3 709 415
3 890 100
3 986 538
3 457 101
3 491 785
3 540 646
3 885 168
3 841 991
3 132 974
3 724 560
3 718 558
3 222 652
3 338 58
3 165 558
3 456 245
3 0 968
3 650 397
3 420 368
3 441 32
3 975 587
3 440 746
3 994 103
3 157 464
3 935 413
3 993 61
3 128 107
3 883 456
3 363 449
3 330 239
3 203 987
3 549 827
3 567 299
3 304 446
3 200 993
3 178 500
3 984 327
3 727 340
3 621 560
3 200 741
3 360 911
3 845 674
3 601 89
3 676 857
3 212 869
3 615 568
3 870 398
3 357 975
3 355 157
3 435 291
3 609 796
3 900 978
3 59 60
3 465 946
3 811 692
3 46 152
3 179 45
3 208 317
3 532 627
3 859 532
3 321 624
3 153 899
3 495 464
3 372 297
3 488 969
3 396 329
3 454 788
3 137 761
3 7 23
3 843 129
3 706 548
3 648 153
3 940 430
3 425 220
3 461 309
3 109 115
3 748 229
3 636 693
3 490 774
3 858 504
3 280 414
3 674 306
3 247 286
3 137 559
3 222 126
3 940 428
3 31 923
3 964 243
3 445 978
3 47 156
3 270 770
3 405 39
3 882 806
3 65 81
3 235 134
3 431 564
3 515 212
3 586 566
3 90 404
3 526 265
3 495 294
3 480 289
3 574 920
3 105 394
3 317 337
3 81 964
3 313 386
3 980 447
3 341 294
3 59 216
3 645 132
3 885 297
3 943 6
3 441 692
3 85 251
3 226 418
3 338 820
3 833 442
3 967 491
3 534 254
3 225 727
3 955 965
3 384 90
3 483 618
3 894 704
3 603 387
3 116 868
3 680 132
3 433 144
3 506 573
3 454 420
3 846 711
3 322 978
3 779 625
3 688 874
3 143 611
3 62 271
3 658 299
3 291 477
3 771 371
3 591 524
3 809 538
3 392 939
3 915 719
3 57 54
3 513 306
3 954 883
3 409 588
3 265 361
3 241 704
3 346 548
3 458 390
3 862 1
3 306 697
3 403 210
3 861 904
3 749 734
3 884 989
3 154 495
3 171 581
3 75 979
3 273 851
3 928 209
3 941 66
3 460 260
3 701 53
3 667 819
3 953 556
3 860 804
3 154 502
3 229 546
3 255 944
3 983 946
3 485 403
3 180 726
3 10 680
3 334 498
3 766 799
3 366 942
3 417 379
3 986 589
3 24 609
3 940 618
3 159 215
3 315 681
3 805 909
3 846 738
3 446 670
3 688 168
3 818 452
3 643 948
3 916 404
3 648 229
3 724 594
3 443 216
3 383 141
3 76 550
3 311 342
3 661 399
3 972 584
3 936 812
3 89 928
3 885 854
3 142 944
3 933 743
3 162 33
3 211 238
3 338 32
3 230 535
3 396 716
3 783 466
3 621 688
3 680 925
3 894 831
3 79 299
3 298 667
3 280 640
3 494 501
3 204 917
3 243 698
3 443 142
3 864 617
3 973 669
3 482 38
3 617 578
3 568 813
3 13 338
3 602 183
3 276 970
3 318 415
3 537 566
3 307 977
3 555 457
3 683 940
3 502 817
3 97 289
3 965 361
3 977 535
3 88 626
3 25 133
3 704 441
3 534 441
3 100 766
3 334 893
3 807 330
3 766 411
3 810 196
3 55 239
3 984 1
3 23 659
3 589 111
3 49 331
3 597 744
3 994 549
3 254 756
3 499 36
3 834 507
3 225 383
3 179 137
3 703 110
3 592 484
3 807 117
3 962 409
3 272 614
3 899 480
3 699 136
3 917 302
3 441 394
3 625 376
3 345 14
3 771 220
3 620 110
3 615 534
3 396 75
3 96 89
3 635 992
3 637 813
3 223 82
3 196 609
3 582 189
3 797 330
3 387 113
3 252 615
3 376 481
3 857 194
3 830 591
3 782 223
3 329 32
3 2 473
3 171 583
3 988 471
3 771 290
3 190 91
3 355 393
3 241 204
3 555 938
3 715 805
3 100 499
3 517 598
3 509 482
3 250 582
3 975 706
3 802 120
3 32 424
3 22 800
3 757 40
3 948 419
3 486 560
3 919 769
3 499 299
3 529 725
3 602 137
3 131 823
3 701 348
3 910 124
3 66 445
3 533 891
3 748 796
3 811 914
3 287 612
3 314 6
3 932 312
3 70 110
3 836 720
3 460 421
3 88 247
3 173 187
3 191 757
3 584 648
3 313 368
3 103 888
3 423 317
3 796 688
3 358 506
3 259 537
3 168 217
3 868 246
3 657 235
3 101 90
3 492 481
3 573 277
3 46 25
3 666 953
3 903 54
3 229 999
3 646 798
3 84 335
3 169 386
3 298 571
3 130 969
3 702 36
3 624 21
3 931 554
3 561 394
3 527 184
3 179 102
3 376 287
3 14 213
3 602 612
3 800 480
3 518 480
3 977 113
3 505 19
3 812 122
3 656 634
3 967 633
3 697 184
3 866 774
3 880 770
3 168 868
3 901 382
3 66 235
3 855 870
3 175 841
3 527 300
3 848 32
3 702 78
3 89 708
3 252 495
3 278 395
3 781 408
3 69 195
3 459 398
3 532 416
3 648 206
3 738 316
3 880 869
3 960 764
3 35 3
3 592 499
3 713 185
3 533 486
3 447 925
3 896 254
3 101 949
3 733 480
3 951 222
3 660 612
3 709 306
3 964 878
3 195 399
3 935 191
3 824 663
3 484 786
3 769 313
3 879 930
3 141 442
3 500 602
3 8 724
3 728 434
3 118 546
3 694 248
3 914 7
3 858 865
3 380 119
3 71 192
3 71 272
3 753 793
3 174 116
3 270 400
3 778 170
3 837 352
3 845 853
3 681 937
3 2 724
3 329 882
3 220 685
3 569 762
3 601 452
3 999 307
3 906 232
3 245 421
3 12 482
3 228 158
3 32 997
3 485 270
3 137 296
3 534 511
3 656 151
3 817 469
3 746 223
3 593 805
3 280 71
3 42 775
3 556 289
3 755 714
3 90 213
3 486 811
3 331 655
3 394 462
3 845 718
3 795 690
3 877 283
3 400 103
3 357 548
3 782 541
3 355 262
3 990 794
3 124 717
3 596 617
3 485 50
3 911 8
3 140 143
3 417 914
3 205 823
3 203 629
3 979 573
3 318 781
3 98 164
3 530 835
3 193 3
3 166 198
3 850 108
3 117 527
3 364 822
3 138 68
3 757 95
3 350 257
3 895 715
3 277 766
3 428 763
3 690 801
3 564 18
3 949 692
3 989 909
3 897 12
3 490 704
3 369 561
3 502 675
3 173 174
3 399 886
3 723 34
3 268 132
3 138 736
3 842 478
3 154 118
3 490 427
3 10 422
3 708 596
3 897 222
3 9 166
3 91 652
3 960 820
3 614 948
3 588 505
3 324 71
3 502 214
3 874 349
3 182 151
3 383 967
3 462 938
3 796 861
3 11 909
3 129 979
3 357 810
3 699 242
3 713 481
3 288 523
3 66 734
3 37 395
3 481 795
3 408 383
3 144 31
3 351 586
3 140 606
3 558 993
3 898 607
3 654 405
3 425 737
3 830 708
3 655 284
3 961 208
3 315 770
3 898 439
3 574 135
3 775 150
3 429 19
3 932 686
3 385 333
3 123 666
3 983 65
3 311 47
3 169 61
3 151 640
3 643 831
3 79 47
3 80 368
3 331 722
3 511 359
3 490 428
3 15 494
3 429 249
3 676 365
3 204 265
3 469 246
3 421 589
3 242 917
3 182 912
3 841 941
3 690 219
3 460 792
3 362 949
3 914 212
3 375 418
3 116 433
3 245 511
3 791 104
3 153 946
3 24 590
3 780 647
3 58 561
3 613 407
3 288 68
3 864 392
3 862 200
3 914 820
3 45 22
3 721 192
3 791 869
3 943 45
3 364 36
3 276 327
3 341 408
3 912 341
3 138 826
3 537 123
3 326 456
3 565 334
3 173 824
3 699 481
3 715 52
3 821 511
3 210 495
3 870 834
3 668 18
3 743 653
3 476 233
3 416 183
3 85 732
3 380 633
3 198 28
3 532 114
3 955 342
3 928 409
3 150 165
3 500 245
3 765 172
3 55 804
3 414 274
3 248 69
3 63 442
3 997 341
3 452 711
3 798 328
3 593 570
3 243 996
3 590 439
3 745 974
3 742 845
3 127 385
3 394 890
3 426 295
3 767 861
3 127 237
3 298 748
3 790 348
3 395 921
3 908 338
3 995 602
3 733 389
3 21 369
3 511 131
3 481 750
3 317 391
3 436 885
3 356 91
3 640 226
3 272 489
3 274 525
3 618 539
3 39 542
3 475 34
3 531 113
3 279 958
3 471 149
3 229 821
3 775 365
3 472 465
3 149 455
3 857 114
3 64 773
3 88 327
3 909 776
3 489 863
3 509 330
3 832 849
3 575 751
3 854 283
3 282 916
3 764 452
3 693 570
3 822 827
3 826 216
3 801 207
3 509 211
3 306 661
3 744 122
3 148 537
3 71 495
3 977 916
3 860 688
3 636 700
3 531 242
3 413 632
3 781 961
3 635 72
3 608 73
3 869 459
3 756 846
3 700 362
3 208 160
3 977 561
3 523 628
3 43 243
3 441 361
3 569 979
3 560 898
3 771 283
3 782 323
3 316 34
3 986 54
3 408 559
3 65 74
3 792 194
3 391 738
3 43 705
3 321 36
3 49 339
3 434 460
3 172 990
3 72 831
3 754 17
3 946 117
3 74 761
3 546 892
3 650 234
3 952 773
3 608 561
3 391 996
3 555 389
3 138 308
3 190 999
3 244 42
3 49 464
3 679 56
3 518 173
3 317 189
3 303 281
3 112 610
3 544 625
3 183 120
3 184 452
3 530 694
3 12 888
3 801 147
3 147 982
3 135 355
3 781 660
3 468 166
3 715 464
3 679 232
3 247 522
3 141 984
3 900 42
3 564 937
3 64 572
3 972 49
3 325 700
3 876 809
3 210 894
3 912 546
3 350 988
3 399 763
3 810 200
3 316 131
3 17 381
3 675 251
3 177 979
3 621 282
3 598 266
3 99 471
3 455 201
3 583 135
3 162 439
3 365 336
3 430 44
3 778 432
3 592 588
3 335 755
3 173 869
3 611 838
3 57 568
3 688 434
3 261 326
3 245 35
3 706 882
3 335 747
3 723 489
3 768 608
3 840 374
3 881 662
3 393 379
3 55 777
3 79 4
3 749 756
3 471 249
3 314 100
3 996 627
3 733 83
3 897 646
3 97 342
3 102 244
3 541 704
3 917 178
3 941 889
3 55 332
3 451 447
3 521 880
3 199 454
3 441 129
3 263 58
3 118 453
3 206 902
3 432 829
3 487 93
3 845 618
3 446 385
3 648 992
3 189 915
3 243 31
3 850 431
3 968 684
3 391 786
3 199 609
3 770 864
3 158 155
3 370 925
3 871 358
3 528 29
3 200 250
3 931 177
3 601 701
3 851 393
3 980 545
3 696 749
3 308 178
3 490 155
3 454 820
3 49 546
3 872 991
3 898 213
3 146 567
3 109 449
3 616 822
3 853 777
3 884 256
3 602 472
3 554 440
3 438 387
3 836 761
3 605 366
3 587 780
3 875 785
3 138 656
3 311 35
3 388 441
3 906 93
3 3 309
3 311 669
3 0 337
3 821 971
3 494 332
3 622 142
3 394 127
3 802 403
3 213 823
3 677 681
3 724 120
3 258 776
3 798 489
3 468 804
3 345 64
3 727 218
3 970 613
3 480 67
3 432 893
3 746 199
3 993 393
3 51 229
3 375 884
3 43 556
3 815 108
3 683 552
3 460 314
3 174 237
3 119 344
3 704 316
3 777 589
3 577 878
3 189 833
3 19 666
3 152 280
3 871 106
3 178 506
3 682 517
3 441 668
3 232 773
3 129 12
3 333 320
3 471 365
3 715 814
3 628 250
1000 1010 1000
507 239
59 829
318 701
937 586
202 266
892 51
6 91
202 826
569 773
314 177
900 842
202 657
880 494
283 320
48 994
992 578
781 515
955 306
615 24
888 970
118 976
243 489
597 854
870 811
243 550
716 791
438 240
509 418
788 162
389 423
716 391
643 196
781 934
911 88
319 183
880 126
600 341
23 386
507 955
109 157
373 314
373 105
985 588
507 742
451 541
798 250
781 225
23 1
928 138
327 757
597 122
59 799
566 492
765 763
615 21
647 738
202 118
220 920
430 981
711 195
747 719
6 394
780 555
179 454
266 952
886 401
716 908
373 318
438 762
643 524
569 265
448 835
295 511
747 764
808 215
52 988
747 432
132 967
797 163
657 675
179 917
955 76
833 466
808 383
812 808
955 352
473 129
319 325
483 913
118 171
243 875
202 699
220 760
0 373
753 772
507 509
389 287
389 42
379 248
753 445
808 301
179 887
543 72
647 673
373 473
657 531
318 223
318 267
357 28
23 365
630 681
630 232
892 933
319 75
509 471
337 798
597 700
86 217
833 914
327 909
273 194
647 322
900 452
430 147
729 847
643 182
950 984
239 873
937 560
530 743
6 592
48 16
985 546
379 500
950 636
613 238
451 915
483 674
345 918
613 413
770 957
826 254
118 977
530 845
507 109
345 153
266 745
992 429
880 622
814 770
753 106
597 504
390 201
807 20
373 747
950 427
379 38
118 505
630 706
788 838
33 67
411 443
797 863
657 982
936 23
729 901
955 359
59 127
317 308
870 585
519 258
892 66
355 18
613 385
566 292
484 705
569 659
295 253
295 732
243 602
711 742
937 231
574 658
390 269
390 3
389 346
266 460
295 931
5 565
928 380
200 86
295 237
770 315
484 727
788 395
6 865
337 880
86 621
781 245
770 959
992 717
631 469
86 130
900 916
48 785
373 484
7 141
826 800
411 271
807 725
530 83
266 625
569 978
885 892
438 49
411 247
597 584
509 221
318 142
33 436
295 821
543 893
220 518
52 80
613 289
483 156
699 181
543 605
519 303
357 47
747 242
699 449
985 474
82 277
23 482
644 735
985 272
716 688
390 486
59 85
753 551
484 74
7 128
200 220
5 102
6 544
52 37
808 97
473 571
389 852
132 439
784 14
574 608
473 632
411 197
788 274
597 62
438 125
630 542
797 216
327 993
574 539
473 958
753 924
29 288
985 990
118 687
911 214
600 176
6 374
530 686
484 652
179 11
798 73
647 607
770 612
780 246
985 775
729 748
317 997
937 921
780 192
613 50
220 241
266 372
239 755
780 520
828 974
657 805
118 470
5 268
355 353
7 692
483 662
373 82
7 311
314 123
600 898
574 859
484 94
379 723
109 9
438 219
566 590
812 530
928 90
483 883
23 787
615 433
355 145
509 907
888 611
6 580
509 617
798 694
507 797
345 68
448 925
82 527
357 133
438 685
597 941
781 65
0 200
814 29
936 566
569 447
105 598
379 793
784 679
600 568
807 95
880 987
109 627
243 137
716 203
530 653
266 963
569 503
928 525
345 481
716 628
82 637
911 876
389 209
955 282
798 999
132 998
327 376
509 255
880 257
630 575
911 882
451 693
937 350
313 119
266 722
716 823
318 974
657 476
569 813
615 222
985 323
519 501
781 420
313 948
390 103
630 779
826 397
784 104
597 165
355 146
109 12
317 860
23 338
319 596
647 148
711 124
29 932
59 866
955 651
52 493
812 716
870 782
5 285
574 485
644 297
29 672
936 597
711 45
613 709
784 953
48 169
574 54
613 441
52 573
911 309
273 25
812 937
900 140
814 543
807 804
770 199
812 643
644 703
729 408
451 851
33 279
936 179
283 895
600 304
936 430
448 750
379 307
239 17
283 442
950 402
33 522
885 985
928 899
48 517
357 378
885 389
483 968
613 930
807 440
797 979
59 576
484 101
390 170
900 926
473 81
411 381
319 347
105 614
797 117
86 329
770 136
283 754
179 819
86 348
711 938
833 763
716 435
784 790
448 523
753 121
33 609
389 34
886 670
317 31
313 497
955 562
911 889
937 336
788 457
613 749
345 713
318 868
23 139
86 696
314 639
784 161
644 529
319 929
48 467
473 595
243 207
928 64
784 535
644 512
430 333
569 849
600 36
870 210
327 63
886 498
33 371
507 5
788 499
870 472
784 587
574 903
937 278
179 746
644 326
314 534
833 234
283 676
711 879
747 599
105 776
888 351
566 324
747 740
509 996
220 528
900 836
202 48
870 869
780 593
345 695
788 766
105 259
747 629
543 364
200 295
273 570
318 164
985 208
937 796
484 502
448 193
448 715
411 422
5 286
711 827
357 536
318 641
936 355
389 935
699 455
826 134
747 634
992 690
949 391
699 616
82 331
699 322
357 564
109 844
202 644
812 630
798 53
826 579
950 61
319 649
729 810
411 663
202 788
543 334
0 936
118 824
337 992
430 724
327 831
781 923
630 548
798 158
509 973
928 758
631 159
644 572
313 671
892 513
631 862
892 434
566 751
992 721
327 185
781 264
132 342
239 669
716 495
448 558
631 58
647 538
5 143
647 4
295 409
798 825
273 110
600 858
295 150
483 726
992 256
220 79
379 890
833 131
132 461
109 809
770 19
928 561
643 206
355 761
543 971
6 646
0 885
243 818
644 510
200 753
814 411
6 330
600 328
615 490
200 132
438 358
314 299
699 640
807 704
337 52
337 888
357 533
103 689
430 802
631 801
798 872
814 483
86 144
600 496
833 340
647 871
319 654
507 615
273 894
615 822
569 224
797 965
643 290
337 519
430 667
615 424
318 769
543 13
295 771
5 425
483 752
566 767
950 92
220 93
886 591
833 624
86 186
239 521
202 327
243 902
814 33
33 116
928 656
448 189
451 765
266 806
870 362
936 7
911 741
814 59
314 96
319 89
313 55
615 276
885 313
808 689
900 786
519 677
955 191
357 187
711 300
826 905
657 78
105 8
29 284
7 532
295 310
992 70
788 861
631 508
411 557
699 635
132 832
885 357
870 198
0 337
0 814
373 569
239 927
7 817
519 904
59 32
317 437
451 487
283 458
355 377
729 856
566 707
936 833
509 896
797 874
992 349
109 698
950 962
519 623
33 230
52 951
109 321
699 731
530 986
780 343
451 167
784 480
327 477
797 363
729 244
711 99
781 803
448 30
886 855
699 154
345 431
430 734
833 468
566 410
473 666
747 312
808 756
23 606
327 113
105 940
814 379
657 393
48 69
615 711
543 360
23 620
643 768
0 448
807 665
647 966
574 404
48 834
729 783
886 263
5 291
880 40
885 317
438 846
631 361
118 837
59 120
833 172
936 451
643 305
33 212
885 631
23 789
109 227
82 96
483 41
390 661
812 319
105 406
900 204
179 35
812 574
313 956
118 983
950 642
327 205
985 251
200 6
753 293
630 683
892 414
826 228
797 184
411 760
313 356
928 190
200 807
314 281
798 403
179 795
337 911
29 178
888 475
885 928
543 367
543 545
179 302
451 332
937 848
0 202
644 603
509 912
82 26
451 260
345 820
880 392
788 57
313 249
220 910
631 680
373 273
86 922
379 526
880 989
355 491
220 944
273 946
519 552
814 886
630 702
631 610
389 906
753 960
992 718
808 556
48 463
770 488
647 151
132 280
82 945
870 540
7 387
52 891
657 980
885 613
86 152
657 155
313 947
379 864
318 354
355 453
812 900
992 180
390 853
105 601
118 638
716 316
826 43
780 840
243 995
435 683
781 98
105 368
597 691
473 792
48 399
753 10
615 648
29 400
519 115
888 843
59 943
266 961
239 720
888 850
566 553
657 46
484 626
319 794
451 774
888 261
826 426
314 213
430 841
200 780
936 729
911 22
7 563
597 969
937 444
473 294
411 728
273 366
317 421
600 27
747 878
711 233
314 839
888 464
390 619
892 991
892 739
337 283
29 405
950 160
200 600
507 711
892 174
797 954
345 15
5 567
273 275
780 446
911 416
784 382
337 784
699 942
530 660
59 56
880 559
886 583
7 417
807 108
753 428
179 506
430 964
519 682
808 582
283 778
584 377
483 668
900 949
566 298
317 39
644 678
574 710
243 857
985 456
647 589
273 714
6 877
438 60
507 684
379 736
814 243
273 236
0 507
132 549
886 618
798 479
355 664
239 270
955 708
313 235
530 633
266 173
200 870
411 759
886 459
132 939
132 730
630 594
870 777
317 262
29 252
0 812
808 744
345 226
808 296
574 87
7 149
569 100
807 344
239 697
729 84
52 415
807 112
643 884
519 537
314 478
880 830
615 462
33 396
812 390
911 218
770 516
317 547
390 972
770 2
430 867
886 554
885 345
283 655
643 229
52 375
888 44
530 645
888 107
29 419
826 412
82 828
507 781
892 897
52 211
780 388
900 407
631 175
788 335
82 369
109 71
317 577
484 111
5 166
955 712
643 168
389 450
950 975
355 919
202 647
283 114
613 733
473 370
484 384
448 737
438 77
220 339
29 604
357 465
373 950
105 514
82 188
82 581
833 650
357 881
283 398
530 815
780 816
729 135
337 438
3 806 306
3 651 115
3 445 561
3 244 488
3 944 843
3 208 933
3 591 960
3 129 976
3 435 824
3 317 270
3 836 938
3 135 570
3 849 727
3 845 987
3 667 878
3 576 186
3 486 305
3 878 213
3 364 521
3 515 77
3 42 285
3 752 292
3 950 345
3 447 205
3 995 878
3 911 350
3 939 606
3 899 690
3 841 190
3 598 315
3 996 682
3 560 974
3 840 480
3 345 94
3 577 818
3 257 917
3 914 735
3 418 177
3 558 251
3 455 329
3 596 77
3 544 689
3 716 545
3 184 101
3 587 929
3 731 827
3 573 352
3 870 778
3 635 684
3 63 29
3 297 214
3 131 669
3 327 458
3 912 333
3 874 700
3 717 362
3 175 591
3 161 806
3 216 578
3 508 16
3 530 493
3 98 862
3 635 53
3 52 98
3 991 525
3 322 329
3 14 357
3 395 67
3 731 385
3 40 986
3 752 568
3 693 370
3 567 866
3 545 581
3 653 823
3 59 70
3 75 101
3 735 989
3 188 556
3 671 441
3 316 552
3 787 271
3 754 186
3 703 150
3 156 906
3 876 902
3 76 226
3 104 782
3 358 543
3 927 446
3 245 347
3 401 213
3 783 10
3 805 269
3 772 536
3 990 62
3 798 910
3 274 71
3 361 84
3 933 747
3 820 454
3 477 639
3 945 154
3 351 145
3 447 354
3 85 755
3 28 767
3 164 428
3 722 36
3 143 775
3 279 675
3 850 253
3 214 363
3 945 315
3 924 619
3 849 961
3 149 218
3 675 73
3 907 980
3 835 520
3 940 703
3 42 347
3 293 510
3 895 950
3 173 594
3 813 8
3 976 71
3 653 556
3 958 976
3 564 772
3 687 584
3 691 204
3 118 406
3 425 247
3 809 15
3 959 329
3 827 168
3 977 146
3 231 381
3 930 493
3 457 483
3 536 801
3 723 441
3 145 867
3 453 315
3 560 111
3 799 581
3 711 217
3 264 4
3 722 347
3 78 571
3 478 548
3 549 27
3 227 282
3 564 385
3 774 576
3 989 926
3 484 447
3 338 493
3 230 710
3 587 522
3 501 781
3 695 258
3 112 309
3 331 210
3 49 861
3 557 960
3 312 861
3 683 21
3 519 161
3 36 317
3 44 393
3 893 516
3 94 470
3 248 594
3 211 759
3 358 171
3 862 66
3 47 971
3 645 882
3 438 92
3 182 662
3 496 700
3 42 722
3 380 806
3 593 84
3 72 425
3 31 452
3 999 208
3 165 133
3 68 418
3 178 138
3 950 769
3 827 78
3 532 673
3 813 513
3 17 723
3 492 16
3 243 23
3 935 886
3 225 735
3 841 809
3 74 388
3 551 714
3 859 855
3 723 299
3 98 492
3 533 499
3 82 885
3 491 798
3 238 15
3 672 687
3 698 103
3 323 712
3 791 838
3 47 411
3 110 275
3 44 97
3 151 557
3 530 957
3 623 536
3 412 648
3 652 590
3 379 295
3 346 655
3 150 411
3 13 38
3 370 82
3 415 37
3 651 909
3 184 137
3 105 763
3 123 996
3 893 412
3 540 956
3 321 623
3 855 609
3 806 576
3 739 669
3 585 782
3 635 612
3 787 63
3 66 342
3 204 769
3 0 523
3 862 417
3 855 945
3 723 911
3 576 409
3 633 800
3 215 892
3 418 192
3 811 539
3 981 221
3 180 160
3 139 897
3 414 843
3 128 709
3 585 966
3 958 838
3 522 377
3 18 573
3 273 736
3 46 784
3 949 355
3 577 17
3 995 858
3 973 129
3 196 499
3 351 423
3 563 470
3 745 615
3 118 358
3 235 31
3 478 694
3 563 285
3 870 870
3 974 106
3 456 20
3 154 472
3 323 256
3 732 186
3 562 514
3 742 765
3 39 333
3 102 237
3 234 403
3 649 999
3 979 486
3 676 145
3 308 351
3 66 565
3 778 10
3 769 360
3 562 42
3 641 296
3 361 752
3 213 398
3 482 746
3 142 614
3 195 739
3 475 86
3 489 205
3 315 405
3 11 710
3 316 741
3 243 394
3 645 746
3 546 918
3 807 199
3 535 18
3 964 292
3 797 824
3 365 847
3 353 774
3 936 734
3 744 751
3 927 681
3 778 671
3 325 780
3 675 442
3 797 616
3 400 771
3 731 312
3 515 851
3 90 558
3 903 82
3 87 703
3 441 926
3 874 993
3 266 225
3 549 517
3 69 25
3 317 898
3 344 127
3 435 554
3 236 712
3 453 274
3 349 856
3 34 225
3 633 967
3 807 601
3 760 628
3 995 728
3 139 755
3 235 948
3 219 673
3 154 740
3 902 127
3 881 651
3 540 826
3 435 919
3 592 343
3 998 844
3 486 477
3 770 568
3 79 191
3 255 527
3 555 382
3 952 152
3 601 81
3 745 648
3 270 941
3 329 466
3 349 210
3 258 58
3 947 445
3 470 259
3 743 802
3 35 692
3 653 300
3 508 486
3 282 125
3 887 84
3 196 564
3 770 136
3 80 508
3 310 747
3 819 252
3 387 935
3 787 348
3 732 935
3 482 368
3 609 538
3 482 777
3 159 770
3 875 773
3 131 272
3 353 96
3 489 639
3 152 309
3 919 677
3 798 159
3 368 471
3 893 931
3 271 40
3 743 207
3 324 698
3 279 285
3 755 548
3 732 881
3 45 161
3 361 361
3 421 548
3 786 736
3 295 216
3 543 104
3 565 956
3 329 228
3 81 16
3 514 661
3 620 561
3 271 363
3 276 917
3 819 850
3 208 564
3 97 280
3 788 569
3 748 152
3 512 825
3 225 949
3 815 230
3 118 675
3 311 735
3 345 149
3 505 134
3 534 446
3 848 423
3 320 601
3 574 477
3 791 548
3 289 838
3 951 998
3 519 747
3 441 869
3 861 828
3 979 531
3 673 635
3 942 49
3 226 936
3 151 976
3 894 303
3 873 54
3 50 706
3 204 224
3 447 156
3 709 958
3 446 10
3 791 820
3 844 265
3 914 909
3 531 285
3 659 57
3 362 761
3 422 922
3 49 709
3 224 687
3 331 612
3 915 346
3 924 570
3 855 373
3 13 722
3 44 63
3 943 401
3 825 656
3 374 590
3 35 339
3 71 689
3 708 737
3 484 553
3 315 29
3 807 469
3 756 990
3 635 542
3 929 160
3 963 219
3 874 879
3 957 961
3 894 131
3 892 794
3 473 372
3 772 861
3 891 231
3 497 805
3 767 291
3 214 288
3 217 416
3 194 372
3 996 129
3 381 789
3 619 767
3 340 632
3 740 868
3 335 99
3 308 836
3 170 152
3 413 389
3 529 549
3 198 243
3 499 403
3 645 115
3 194 887
3 267 269
3 439 662
3 810 386
3 656 163
3 461 318
3 427 109
3 14 467
3 693 969
3 50 819
3 404 425
3 636 579
3 766 287
3 790 295
3 562 913
3 425 63
3 353 82
3 283 591
3 458 741
3 230 151
3 544 272
3 85 843
3 947 418
3 153 52
3 694 300
3 582 470
3 663 805
3 723 290
3 500 737
3 510 541
3 535 117
3 779 772
3 150 273
3 688 995
3 84 11
3 164 386
3 383 814
3 206 137
3 649 60
3 394 444
3 964 64
3 841 4
3 18 304
3 49 438
3 0 334
3 243 943
3 457 971
3 737 637
3 269 677
3 148 239
3 447 144
3 160 447
3 211 475
3 821 758
3 581 723
3 214 97
3 121 246
3 215 509
3 163 605
3 375 662
3 601 384
3 214 369
3 611 230
3 344 325
3 856 401
3 140 228
3 314 971
3 987 570
3 238 606
3 864 155
3 2 66
3 875 907
3 324 431
3 877 883
3 503 542
3 433 555
3 606 478
3 307 659
3 250 340
3 27 990
3 239 397
3 917 363
3 852 961
3 810 828
3 836 583
3 213 725
3 486 737
3 888 307
3 975 43
3 212 1
3 219 477
3 263 206
3 720 395
3 508 848
3 916 904
3 494 127
3 70 690
3 444 26
3 887 186
3 477 945
3 683 709
3 872 461
3 758 538
3 346 728
3 93 639
3 808 541
3 916 165
3 877 303
3 339 828
3 49 76
3 676 201
3 99 18
3 641 8
3 70 64
3 427 817
3 735 607
3 197 582
3 492 306
3 478 318
3 960 793
3 66 392
3 811 539
3 920 861
3 479 415
3 259 456
3 635 572
3 395 645
3 509 283
3 123 264
3 979 227
3 697 440
3 277 682
3 195 370
3 425 349
3 771 32
3 641 874
3 709 657
3 750 424
3 240 979
3 652 386
3 945 686
3 153 980
3 438 74
3 429 526
3 78 197
3 859 462
3 84 899
3 321 109
3 912 315
3 666 258
3 916 319
3 646 349
3 545 284
3 200 85
3 954 911
3 680 127
3 658 140
3 335 810
3 858 374
3 441 813
3 238 385
3 457 976
3 548 6
3 474 519
3 914 493
3 777 218
3 287 804
3 546 975
3 859 270
3 970 885
3 186 207
3 853 91
3 466 184
3 28 550
3 538 892
3 112 236
3 9 798
3 568 83
3 38 168
3 973 911
3 511 484
3 466 657
3 424 735
3 664 390
3 218 164
3 180 98
3 248 912
3 613 568
3 975 715
3 935 715
3 451 915
3 560 801
3 934 35
3 707 806
3 11 916
3 651 600
3 545 115
3 719 358
3 339 317
3 764 377
3 360 820
3 46 844
3 452 514
3 182 42
3 160 838
3 233 741
3 629 948
3 695 735
3 74 789
3 914 121
3 301 753
3 969 498
3 796 762
3 597 302
3 732 575
3 747 96
3 240 868
3 846 494
3 803 688
3 917 938
3 185 550
3 347 528
3 752 789
3 454 61
3 506 56
3 53 431
3 429 402
3 422 956
3 72 840
3 942 208
3 938 883
3 454 853
3 568 716
3 266 454
3 955 221
3 612 588
3 622 355
3 834 742
3 127 314
3 722 441
3 777 947
3 779 640
3 342 113
3 65 816
3 437 402
3 330 423
3 526 578
3 187 500
3 676 680
3 410 454
3 569 426
3 82 740
3 411 767
3 958 770
3 404 114
3 685 195
3 752 143
3 546 47
3 351 84
3 523 375
3 184 866
3 967 87
3 940 363
3 941 409
3 389 47
3 463 105
3 945 586
3 597 438
3 455 639
3 724 574
3 344 63
3 764 814
3 59 548
3 611 255
3 914 607
3 918 950
3 566 244
3 600 645
3 383 339
3 978 510
3 184 955
3 880 781
3 380 868
3 369 338
3 268 366
3 196 193
3 806 718
3 845 993
3 111 505
3 433 930
3 540 650
3 452 315
3 881 375
3 447 998
3 809 864
3 497 232
3 313 539
3 602 295
3 483 272
3 692 977
3 4 842
3 717 110
3 474 429
3 765 717
3 918 185
3 526 314
3 956 723
3 568 372
3 813 393
3 511 742
3 477 799
3 757 203
3 145 262
3 454 727
3 987 433
3 269 589
3 401 258
3 127 359
3 858 779
3 580 257
3 708 857
3 401 278
3 0 182
3 444 27
3 206 999
3 697 72
3 116 819
3 491 269
3 832 757
3 325 519
3 13 348
3 44 121
3 754 486
3 420 175
3 799 599
3 502 414
3 207 816
3 915 420
3 419 620
3 380 973
3 312 705
3 814 990
3 800 53
3 867 682
3 332 576
3 801 409
3 519 974
3 733 4
3 537 815
3 517 629
3 134 376
3 836 45
3 848 806
3 561 592
3 106 365
3 265 149
3 976 174
3 163 727
3 113 115
3 638 243
3 725 101
3 809 754
3 820 193
3 688 920
3 255 327
3 493 337
3 364 559
3 51 588
3 639 417
3 615 485
3 792 58
3 859 186
3 918 185
3 735 870
3 748 26
3 588 88
3 126 247
3 968 269
3 718 332
3 782 477
3 733 958
3 295 251
3 135 855
3 354 68
3 374 243
3 47 578
3 607 961
3 870 700
3 967 63
3 981 876
3 21 582
3 997 970
3 357 566
3 983 18
3 106 867
3 708 60
3 746 814
3 619 36
3 499 529
3 36 61
3 35 933
3 963 896
3 847 296
3 608 332
3 317 407
3 524 979
3 666 272
3 123 203
3 712 173
3 850 286
3 124 267
3 31 210
3 751 667
3 880 342
3 318 912
3 736 910
3 296 914
3 913 72
3 229 209
3 53 67
3 792 986
3 937 367
3 269 84
3 111 282
3 103 44
3 831 221
3 71 191
3 589 89
3 516 786
3 314 569
3 351 548
3 254 363
3 935 922
3 88 133
3 67 996
3 830 499
3 594 213
3 81 574
3 667 881
3 483 48
3 268 502
3 189 827
3 345 607
3 972 641
3 997 916
3 222 223
3 748 634
3 309 148
3 591 630
3 363 50
3 134 534
3 469 112
3 122 378
3 638 525
3 830 848
3 98 958
3 670 334
3 336 517
3 779 18
3 754 44
3 99 870
3 290 709
3 991 838
3 564 852
3 206 762
3 141 116
3 832 606
3 883 477
3 507 165
3 800 126
3 912 578
3 467 874
3 766 571
3 456 62
3 398 695
3 550 132
3 602 418
3 738 84
3 981 666
3 635 500
3 736 73
3 76 550
3 740 137
3 231 434
3 458 790
3 546 961
3 728 166
3 684 339
3 126 208
3 973 889
3 556 739
3 817 568
3 272 691
3 581 814
3 16 513
3 414 504
3 282 719
3 736 868
3 668 934
1000 1010 1000
978 220
980 125
381 581
475 760
245 452
731 484
755 506
842 849
525 90
522 479
172 259
881 110
762 860
110 47
862 759
755 844
70 40
755 718
434 681
626 643
724 179
516 23
755 837
320 419
12 11
819 495
759 298
204 103
70 431
475 794
449 833
553 487
841 657
182 587
154 619
449 795
486 427
204 73
803 77
900 281
475 55
62 906
395 900
916 195
545 729
861 420
774 842
271 358
762 290
553 232
724 777
173 636
729 134
978 455
320 359
704 411
857 731
329 163
916 167
960 836
502 48
522 675
525 543
608 444
867 519
762 385
926 236
1 826
683 898
329 521
990 446
942 738
796 839
545 422
819 456
509 811
395 841
218 67
0 391
824 338
56 709
292 54
230 516
990 559
320 486
419 838
525 92
516 991
900 943
16 964
815 38
704 668
12 676
857 289
571 137
366 229
960 604
516 655
50 74
731 894
824 695
729 424
522 36
486 599
796 713
868 210
136 468
868 977
881 265
765 111
880 586
0 544
694 386
815 866
615 141
861 918
803 7
529 304
509 162
626 231
242 44
960 287
590 79
571 952
516 432
841 399
419 570
230 674
642 945
230 588
136 687
684 260
683 805
289 457
683 266
271 527
376 623
366 577
21 924
848 112
861 328
395 683
926 798
868 357
615 950
796 119
56 31
70 534
154 637
8 243
70 790
573 337
848 152
590 394
289 593
329 689
434 787
810 345
881 716
25 122
289 356
765 175
810 99
942 856
590 627
395 522
289 719
573 8
319 748
867 365
819 673
525 889
154 404
0 774
683 768
486 934
978 278
842 743
230 1
590 677
422 613
762 225
926 272
449 305
724 863
729 515
292 199
642 254
545 453
218 575
218 430
453 876
857 765
615 666
545 12
230 181
245 334
366 276
242 939
359 368
960 723
320 909
762 306
608 153
453 550
544 50
900 855
486 233
590 369
608 396
271 823
502 638
880 60
841 22
56 670
245 203
626 658
422 418
880 29
553 781
319 949
242 667
302 490
260 602
381 214
759 489
704 938
553 445
803 166
434 532
529 392
419 482
332 161
366 635
900 733
674 78
774 704
544 824
818 640
154 807
978 727
529 4
449 295
868 600
525 114
868 806
245 28
182 913
302 948
522 123
242 596
242 275
588 208
5 333
990 138
25 496
883 402
909 344
320 502
724 914
154 406
50 217
70 426
434 215
173 783
422 778
434 148
916 591
608 902
683 343
173 280
271 226
332 507
803 784
857 381
1 65
56 829
319 873
588 413
21 616
260 620
545 883
12 118
12 699
553 497
376 129
218 464
16 878
861 538
181 437
990 679
181 429
62 277
391 483
626 714
50 219
391 767
774 16
21 644
590 888
302 563
608 931
260 996
842 205
588 982
332 698
818 922
573 611
765 853
359 692
571 701
292 88
960 409
684 245
366 607
916 548
1 936
12 779
172 622
774 615
449 580
271 664
154 882
376 336
544 376
292 177
824 605
729 890
173 732
883 730
867 299
260 835
391 947
796 621
819 685
391 190
525 994
422 500
694 584
182 910
154 158
861 35
395 553
762 789
694 296
810 488
376 57
245 410
880 721
376 944
419 987
848 981
818 124
172 539
704 639
978 555
260 499
765 42
881 891
16 817
366 935
16 505
626 96
509 248
762 739
182 485
731 380
978 753
759 512
909 351
815 606
16 216
803 565
70 932
172 697
880 282
848 196
862 136
553 86
729 813
684 366
62 912
883 511
181 492
502 307
881 206
381 764
12 997
62 39
765 554
16 560
588 341
615 223
608 671
815 340
571 18
544 724
136 286
453 101
759 425
172 871
302 969
434 69
154 832
762 414
449 747
674 646
842 501
862 990
724 661
842 917
759 24
56 879
289 518
980 407
990 896
608 415
204 523
765 443
292 750
516 116
881 291
62 61
724 212
522 669
516 301
245 985
502 838
824 142
172 825
271 436
900 98
625 582
980 403
21 746
916 388
684 916
926 568
395 242
381 227
204 377
571 963
25 209
475 477
271 654
292 473
16 126
453 10
803 686
516 472
320 796
990 250
818 63
674 624
588 542
320 332
522 89
683 93
861 999
571 374
204 314
774 434
320 642
960 401
422 416
70 735
419 349
810 146
453 827
588 438
245 649
245 316
320 173
674 775
16 928
980 801
674 80
434 751
475 905
204 531
724 651
25 614
50 957
755 412
684 960
862 626
21 322
359 91
857 154
25 207
704 893
453 160
626 397
25 845
545 271
796 884
502 850
1 822
819 574
359 659
0 857
900 503
181 106
571 973
181 579
883 117
590 262
841 720
818 533
694 49
867 875
590 899
553 132
292 270
449 37
502 610
181 937
525 145
841 504
916 901
694 510
883 742
553 94
960 288
861 788
581 127
302 814
683 828
230 56
529 82
320 346
218 478
819 633
475 734
376 921
502 81
12 772
525 930
302 155
522 792
329 372
302 263
449 562
1 308
731 398
796 165
172 536
204 71
868 556
960 435
626 564
848 85
62 557
0 545
182 72
525 540
810 30
626 820
824 971
502 558
731 454
674 652
883 76
329 400
803 830
880 362
56 763
522 569
332 872
573 59
990 303
292 15
867 524
694 243
588 310
881 428
381 919
842 594
529 189
694 834
359 184
861 311
759 589
525 352
136 109
693 640
319 128
21 27
502 769
980 892
475 715
332 104
588 34
50 315
218 246
544 182
729 526
900 14
422 45
608 551
841 843
765 998
545 848
245 235
755 200
182 711
381 874
694 192
181 408
881 228
136 470
289 19
909 255
765 852
615 3
182 202
694 603
434 953
848 869
1 143
881 382
909 267
181 191
419 261
626 469
942 552
0 862
182 312
980 460
218 461
883 929
642 384
453 433
867 782
862 529
230 867
359 851
642 582
810 965
683 363
857 21
841 258
867 885
391 887
319 43
486 187
573 707
245 804
359 139
12 941
50 257
173 647
182 956
862 571
857 755
842 364
70 213
218 749
271 170
862 978
292 780
319 264
868 75
50 294
842 52
173 417
862 803
848 877
803 846
881 389
544 980
615 547
502 911
916 812
978 442
366 113
848 133
674 33
729 387
395 449
571 197
815 309
136 513
529 374
774 62
704 240
516 390
880 224
25 895
422 361
62 439
926 441
573 164
329 17
21 660
181 629
731 703
824 773
573 722
422 920
366 612
704 717
136 847
729 665
545 608
289 87
573 791
242 951
774 942
359 757
841 201
960 508
319 736
642 993
242 471
544 302
21 355
916 41
818 808
818 168
731 690
755 786
818 447
319 631
980 284
642 946
376 725
916 373
0 395
880 672
419 995
302 151
232 445
900 549
173 585
684 25
704 105
909 494
260 758
545 204
960 198
615 140
0 230
449 68
731 541
292 737
391 20
571 183
509 375
391 645
684 590
12 567
62 708
529 572
684 319
204 156
332 463
774 509
366 147
824 696
942 968
883 653
608 609
942 150
978 2
909 66
818 975
173 135
642 710
848 859
942 451
16 618
522 448
762 313
810 854
729 958
861 462
516 370
842 903
1 756
819 317
376 925
434 120
395 573
419 51
857 926
329 9
391 285
774 810
182 379
571 840
509 809
56 933
724 797
50 641
21 491
704 450
759 907
803 185
684 762
486 745
486 194
509 923
332 234
942 962
942 663
319 350
25 865
271 83
422 249
900 712
1 293
434 159
684 818
449 650
909 625
475 440
381 740
683 630
486 149
815 955
332 238
926 984
544 292
980 323
916 770
329 47
868 178
70 279
841 927
136 959
509 347
62 297
926 702
509 476
759 459
260 776
978 688
154 628
172 274
21 648
819 634
978 700
926 680
642 326
329 421
857 172
434 534
230 329
475 180
172 239
731 785
271 95
419 157
395 861
172 802
385 777
774 70
883 576
381 46
848 268
880 244
857 815
608 371
381 754
173 744
289 514
486 976
289 816
391 405
62 222
553 598
862 868
759 886
796 831
56 705
868 423
260 324
329 354
260 592
755 966
516 617
422 318
0 684
765 252
674 800
376 940
475 360
181 662
381 465
319 53
729 100
819 480
824 367
359 915
544 475
302 474
1 766
880 517
642 211
867 342
815 728
529 793
615 989
25 493
803 561
900 870
453 171
366 693
942 528
909 273
704 992
861 186
395 694
376 130
204 97
842 761
694 102
0 320
359 176
453 821
573 269
755 595
926 333
509 988
545 880
862 819
762 970
990 535
218 961
56 251
553 467
242 193
819 974
759 32
1 741
990 339
810 335
841 121
815 26
796 458
230 218
544 525
810 107
980 378
571 799
391 353
332 169
70 520
302 597
867 13
588 858
990 752
529 691
980 253
242 632
16 331
56 771
486 237
824 174
453 300
755 466
260 393
509 58
50 327
242 383
796 321
883 247
810 330
868 583
909 348
590 325
588 144
230 881
642 954
332 498
674 115
204 283
942 983
615 64
218 108
815 5
867 726
136 84
765 656
796 530
909 481
724 864
731 241
926 566
683 678
289 537
12 897
573 131
724 188
419 578
25 221
626 601
522 972
529 706
136 967
824 546
615 682
674 256
154 986
502 979
815 127
590 904
818 908
50 6
3 519 137
3 944 135
3 86 501
3 888 746
3 700 591
3 674 350
3 779 778
3 528 967
3 732 634
3 723 357
3 302 7
3 664 327
3 117 245
3 996 140
3 617 263
3 665 4
3 72 437
3 355 85
3 513 95
3 507 977
3 315 90
3 340 702
3 709 88
3 416 326
3 904 530
3 765 886
3 615 388
3 953 60
3 306 595
3 303 501
3 902 126
3 121 808
3 968 672
3 802 483
3 118 157
3 470 707
3 349 139
3 547 32
3 627 302
3 263 35
3 763 165
3 698 977
3 459 461
3 304 143
3 900 332
3 909 2
3 105 722
3 433 18
3 100 183
3 140 123
3 177 869
3 575 259
3 548 545
3 256 798
3 843 434
3 702 612
3 860 71
3 76 1
3 391 31
3 42 308
3 573 543
3 601 763
3 452 749
3 903 666
3 652 353
3 300 54
3 968 318
3 25 439
3 341 571
3 721 709
3 725 14
3 168 16
3 572 836
3 718 862
3 494 205
3 885 671
3 598 834
3 393 617
3 122 285
3 230 393
3 488 893
3 612 857
3 113 675
3 612 499
3 910 58
3 283 850
3 611 795
3 331 181
3 734 664
3 815 831
3 500 512
3 214 670
3 527 401
3 604 241
3 744 474
3 883 780
3 178 439
3 569 407
3 862 903
3 652 990
3 158 908
3 438 993
3 318 57
3 518 792
3 906 606
3 115 880
3 800 48
3 716 741
3 589 632
3 761 832
3 888 154
3 779 404
3 143 728
3 146 880
3 346 413
3 263 375
3 377 183
3 895 395
3 544 687
3 110 452
3 35 39
3 207 385
3 673 55
3 143 262
3 301 685
3 38 36
3 448 361
3 82 530
3 88 148
3 876 45
3 960 752
3 366 875
3 374 901
3 646 160
3 857 692
3 398 759
3 255 843
3 564 434
3 318 481
3 474 789
3 378 619
3 939 261
3 318 662
3 225 429
3 617 514
3 838 124
3 230 267
3 793 72
3 43 917
3 583 16
3 738 907
3 677 496
3 986 580
3 711 498
3 106 358
3 480 596
3 149 372
3 338 714
3 680 184
3 648 15
3 50 323
3 290 725
3 695 867
3 459 987
3 931 689
3 211 376
3 718 306
3 539 169
3 332 955
3 212 702
3 133 702
3 797 418
3 190 211
3 587 60
3 347 152
3 266 736
3 296 506
3 328 144
3 517 314
3 138 913
3 390 664
3 833 210
3 84 933
3 604 209
3 25 638
3 191 731
3 314 666
3 600 433
3 951 20
3 561 621
3 307 425
3 635 639
3 87 780
3 744 114
3 928 577
3 354 154
3 70 64
3 692 409
3 862 610
3 724 928
3 955 597
3 963 862
3 127 884
3 79 326
3 874 759
3 908 270
3 637 733
3 630 419
3 257 213
3 894 285
3 561 275
3 464 107
3 814 357
3 486 56
3 571 563
3 557 98
3 836 570
3 890 391
3 362 940
3 938 139
3 219 920
3 368 446
3 630 397
3 544 512
3 450 448
3 610 496
3 82 964
3 196 112
3 972 80
3 208 586
3 795 196
3 956 514
3 530 572
3 239 571
3 733 585
3 375 29
3 302 857
3 264 271
3 922 547
3 238 436
3 686 290
3 780 698
3 492 694
3 897 298
3 54 524
3 173 783
3 887 780
3 574 229
3 224 390
3 979 718
3 681 438
3 489 996
3 620 739
3 666 955
3 424 649
3 536 873
3 929 744
3 430 931
3 526 562
3 424 861
3 205 874
3 115 5
3 218 832
3 580 750
3 600 92
3 522 940
3 319 845
3 708 325
3 584 691
3 213 447
3 171 258
3 981 954
3 219 91
3 913 724
3 241 610
3 597 810
3 666 500
3 718 518
3 763 780
3 526 803
3 489 789
3 419 620
3 456 469
3 869 937
3 417 510
3 788 879
3 683 361
3 462 44
3 685 690
3 349 162
3 942 754
3 332 892
3 948 129
3 62 818
3 744 496
3 533 449
3 530 19
3 114 146
3 419 891
3 949 182
3 993 794
3 405 968
3 22 713
3 805 393
3 792 129
3 160 977
3 107 418
3 814 118
3 317 438
3 454 937
3 352 885
3 446 458
3 960 545
3 153 161
3 128 22
3 544 194
3 533 536
3 435 890
3 923 615
3 614 472
3 577 29
3 585 677
3 847 67
3 352 199
3 663 516
3 154 343
3 580 643
3 947 330
3 872 76
3 954 846
3 272 789
3 451 414
3 260 22
3 658 391
3 17 927
3 176 809
3 93 880
3 319 157
3 44 870
3 154 620
3 183 187
3 68 658
3 835 56
3 432 872
3 283 835
3 775 432
3 143 397
3 726 170
3 622 231
3 243 944
3 527 140
3 252 139
3 200 343
3 109 877
3 267 408
3 164 649
3 508 376
3 356 738
3 977 892
3 440 138
3 568 873
3 525 482
3 282 649
3 895 839
3 996 366
3 434 519
3 831 952
3 252 181
3 408 869
3 526 192
3 50 996
3 505 137
3 708 650
3 529 697
3 115 127
3 869 791
3 850 783
3 685 260
3 658 103
3 250 713
3 503 608
3 126 397
3 744 942
3 612 735
3 224 132
3 17 635
3 730 226
3 547 981
3 503 853
3 865 744
3 266 955
3 953 809
3 748 562
3 808 304
3 286 463
3 514 932
3 438 82
3 234 948
3 452 903
3 789 127
3 404 367
3 475 65
3 819 341
3 697 772
3 403 901
3 81 997
3 606 199
3 295 362
3 256 336
3 564 508
3 331 878
3 784 441
3 502 721
3 362 165
3 826 845
3 741 923
3 485 853
3 643 126
3 21 679
3 902 221
3 243 738
3 773 987
3 248 957
3 597 957
3 274 745
3 609 829
3 605 56
3 839 649
3 64 932
3 203 570
3 166 601
3 593 209
3 192 101
3 888 141
3 298 392
3 217 559
3 383 289
3 485 896
3 440 16
3 954 163
3 861 573
3 611 118
3 208 899
3 547 621
3 457 734
3 464 341
3 152 883
3 530 780
3 355 66
3 813 334
3 151 712
3 420 666
3 274 953
3 907 476
3 65 458
3 605 76
3 561 29
3 92 175
3 513 565
3 617 824
3 323 323
3 402 270
3 570 261
3 734 256
3 158 874
3 71 207
3 282 84
3 198 897
3 392 2
3 236 209
3 89 226
3 174 234
3 756 648
3 843 440
3 107 653
3 736 765
3 191 246
3 556 413
3 928 772
3 263 541
3 553 965
3 926 803
3 127 667
3 834 961
3 918 264
3 709 871
3 292 156
3 247 784
3 750 376
3 464 422
3 35 966
3 312 769
3 244 276
3 991 657
3 399 865
3 237 86
3 478 990
3 433 373
3 967 489
3 510 433
3 846 825
3 976 776
3 381 903
3 145 789
3 56 804
3 639 867
3 10 598
3 122 356
3 300 928
3 532 334
3 412 287
3 667 5
3 590 820
3 628 725
3 841 629
3 504 274
3 822 505
3 965 346
3 572 651
3 58 748
3 186 947
3 204 562
3 180 272
3 279 77
3 309 44
3 564 157
3 183 676
3 494 151
3 811 314
3 557 228
3 246 92
3 886 231
3 377 914
3 508 742
3 977 467
3 865 806
3 828 118
3 912 313
3 632 244
3 286 607
3 960 158
3 457 564
3 274 938
3 121 717
3 154 33
3 630 298
3 141 977
3 689 903
3 858 359
3 365 448
3 376 825
3 961 335
3 814 316
3 272 907
3 692 760
3 303 23
3 22 52
3 667 708
3 163 970
3 436 436
3 620 731
3 858 267
3 426 736
3 793 99
3 961 615
3 391 868
3 107 511
3 958 482
3 1 934
3 872 18
3 432 507
3 509 784
3 970 139
3 10 914
3 528 589
3 265 434
3 243 258
3 847 676
3 285 218
3 196 447
3 259 731
3 340 748
3 971 662
3 776 310
3 359 477
3 969 419
3 698 350
3 750 57
3 150 114
3 522 936
3 713 455
3 731 483
3 123 865
3 20 623
3 916 140
3 682 68
3 843 7
3 334 154
3 862 477
3 602 497
3 811 179
3 624 620
3 297 383
3 704 833
3 961 202
3 976 724
3 358 403
3 399 625
3 30 531
3 774 750
3 307 815
3 920 323
3 429 123
3 178 235
3 491 306
3 373 349
3 435 81
3 290 222
3 528 121
3 490 916
3 616 424
3 845 869
3 330 62
3 354 173
3 609 935
3 962 939
3 248 463
3 709 299
3 717 739
3 5 101
3 870 656
3 340 245
3 400 476
3 511 624
3 101 20
3 454 422
3 15 139
3 55 4
3 594 641
3 881 931
3 498 246
3 544 669
3 514 876
3 303 11
3 731 222
3 496 935
3 732 592
3 20 437
3 589 830
3 53 29
3 170 826
3 902 273
3 963 900
3 444 357
3 820 341
3 44 88
3 513 671
3 984 846
3 996 456
3 637 325
3 791 286
3 278 986
3 99 279
3 234 261
3 926 243
3 232 142
3 770 324
3 66 716
3 520 816
3 756 13
3 844 387
3 64 999
3 190 284
3 844 17
3 91 123
3 309 636
3 792 146
3 36 163
3 730 973
3 943 723
3 49 376
3 810 717
3 400 506
3 328 736
3 622 375
3 60 188
3 613 844
3 387 883
3 692 786
3 495 837
3 493 243
3 337 457
3 344 956
3 168 678
3 610 723
3 938 315
3 799 555
3 252 696
3 991 377
3 58 889
3 899 316
3 468 816
3 301 589
3 852 692
3 299 759
3 23 643
3 368 945
3 248 14
3 540 421
3 192 149
3 714 975
3 712 294
3 643 125
3 585 759
3 106 947
3 95 56
3 64 396
3 139 33
3 643 15
3 94 303
3 404 79
3 500 470
3 50 329
3 370 619
3 702 244
3 989 487
3 843 158
3 726 235
3 430 298
3 770 48
3 743 103
3 571 513
3 488 410
3 130 254
3 469 788
3 350 389
3 583 239
3 113 416
3 635 125
3 467 907
3 448 404
3 694 59
3 597 367
3 586 558
3 149 694
3 363 410
3 252 407
3 391 38
3 243 519
3 985 988
3 308 569
3 812 940
3 364 521
3 435 183
3 422 185
3 274 554
3 492 721
3 925 754
3 328 613
3 358 902
3 583 184
3 331 605
3 254 882
3 510 258
3 390 427
3 131 811
3 780 987
3 250 114
3 840 881
3 855 861
3 738 18
3 380 915
3 123 646
3 59 772
3 895 58
3 444 113
3 62 281
3 102 579
3 734 877
3 75 963
3 890 531
3 175 90
3 765 135
3 278 615
3 947 911
3 838 400
3 115 67
3 323 316
3 778 358
3 142 879
3 609 714
3 131 592
3 970 219
3 827 930
3 85 892
3 652 563
3 837 899
3 660 990
3 735 488
3 995 662
3 254 554
3 496 257
3 261 715
3 233 303
3 448 75
3 963 446
3 316 232
3 169 267
3 367 403
3 757 874
3 883 608
3 393 10
3 729 727
3 640 173
3 534 831
3 434 960
3 584 416
3 776 141
3 543 810
3 858 885
3 484 518
3 969 355
3 383 118
3 630 661
3 450 523
3 156 513
3 979 193
3 392 547
3 934 551
3 92 625
3 307 552
3 738 131
3 358 127
3 762 263
3 693 45
3 444 758
3 269 721
3 811 427
3 358 875
3 164 629
3 109 78
3 142 867
3 212 159
3 654 444
3 88 747
3 429 976
3 695 922
3 992 201
3 987 397
3 303 114
3 889 226
3 724 932
3 985 486
3 905 415
3 705 839
3 111 924
3 567 171
3 594 503
3 510 301
3 884 963
3 778 139
3 732 866
3 379 384
3 630 358
3 53 530
3 816 977
3 564 470
3 289 572
3 464 268
3 204 409
3 456 794
3 514 786
3 821 640
3 934 531
3 723 248
3 872 60
3 218 542
3 83 32
3 475 714
3 252 148
3 85 180
3 815 487
3 640 380
3 653 363
3 479 514
3 258 544
3 846 101
3 18 456
3 117 745
3 994 613
3 607 672
3 691 670
3 583 258
3 562 219
3 544 858
3 658 304
3 240 223
3 676 575
3 20 298
3 839 910
3 211 220
3 991 754
3 163 239
3 902 778
3 871 433
3 765 944
3 247 215
3 635 20
3 564 685
3 395 50
3 773 941
3 82 230
3 222 56
3 293 454
3 98 812
3 297 335
3 492 831
3 654 827
3 482 542
3 288 866
3 324 739
3 251 755
3 626 458
3 295 841
3 842 934
3 323 163
3 538 202
3 390 944
3 91 90
3 718 392
3 357 37
3 212 506
3 467 300
3 672 254
3 225 742
3 437 214
3 117 333
3 781 867
3 885 486
3 894 568
3 305 703
3 800 946
3 706 112
3 541 363
3 485 512
3 555 430
3 883 190
3 879 267
3 89 749
3 227 871
3 166 758
3 324 343
3 907 65
3 358 336
3 288 499
3 120 45
3 425 430
3 296 561
3 468 263
3 53 593
3 268 789
3 609 351
3 567 927
3 130 459
3 132 154
3 305 753
3 337 27
3 160 872
3 191 775
3 553 620
3 150 130
3 200 757
3 469 597
3 169 401
3 242 65
3 776 361
3 397 310
3 703 625
3 639 636
3 797 795
3 964 600
3 620 247
3 53 441
3 596 789
3 772 864
3 861 502
3 118 624
3 798 598
3 447 905
3 994 730
3 168 50
3 625 504
3 155 937
3 199 833
3 901 190
3 135 536
3 246 107
3 962 257
3 209 238
3 960 166
1000 1010 1000
302 368
650 592
743 108
404 228
220 499
877 22
594 638
207 336
220 875
337 794
311 580
718 187
823 297
186 367
583 219
900 303
596 497
486 58
243 77
54 769
80 186
493 758
480 205
106 448
480 554
465 217
650 593
404 761
704 475
410 511
608 381
480 431
991 434
269 152
721 671
743 410
957 426
827 403
377 648
721 787
372 360
693 682
130 968
493 355
597 632
220 488
102 183
177 138
133 570
790 234
609 566
427 868
201 310
480 393
246 665
475 576
597 157
493 277
288 131
106 408
900 373
493 964
651 461
839 543
74 208
609 389
733 714
561 237
501 69
293 320
410 314
246 211
825 849
754 960
728 640
696 104
704 356
753 854
721 472
372 716
157 763
957 526
374 753
924 489
790 388
340 174
243 273
243 715
427 822
753 498
486 802
284 117
594 119
278 437
302 642
552 770
682 57
404 876
278 451
696 402
561 706
780 358
269 4
733 428
470 333
80 54
501 663
212 449
501 689
438 754
278 676
404 15
494 891
177 96
475 137
696 840
704 823
704 207
718 939
604 780
106 407
19 659
0 374
438 501
651 948
177 579
486 81
102 912
1 807
54 264
728 168
480 841
23 595
115 569
827 231
881 365
632 888
410 114
827 433
438 372
246 342
957 614
609 384
157 918
827 37
465 495
377 527
459 984
163 142
284 970
115 76
597 288
19 879
301 617
947 698
682 779
306 887
186 869
111 299
718 324
115 404
38 223
632 140
115 220
519 660
337 992
693 269
80 790
682 941
74 942
301 103
475 416
569 725
780 736
551 121
256 801
551 345
650 622
284 799
924 860
486 145
551 366
609 673
692 275
340 194
552 908
74 56
651 845
609 933
632 87
201 653
427 572
459 828
102 777
108 378
106 240
721 824
816 405
288 379
754 95
0 80
924 726
76 318
372 67
243 913
13 47
311 134
278 741
697 969
220 325
650 100
754 902
284 938
827 339
246 344
465 170
13 466
269 814
0 743
774 483
957 851
475 180
501 5
991 179
13 287
306 268
900 171
583 222
374 102
76 455
284 748
728 926
301 423
377 88
372 359
302 678
186 785
302 429
900 166
569 395
269 153
596 987
774 915
682 928
54 383
501 848
594 582
583 251
13 917
608 436
958 532
38 380
340 463
220 70
470 931
130 588
38 167
780 986
80 302
957 734
697 397
19 322
718 896
470 636
337 28
651 661
1 421
108 662
825 509
551 24
823 894
728 481
427 101
594 922
651 309
552 161
583 319
632 321
475 474
311 334
410 63
597 13
108 391
480 742
372 556
243 139
246 110
733 703
130 396
743 293
900 690
133 717
74 484
23 394
374 74
718 260
23 399
459 559
269 992
465 276
76 419
486 517
374 133
692 123
947 307
80 728
650 914
493 936
693 246
561 861
827 86
207 959
697 341
19 709
718 833
877 315
774 233
377 813
551 625
311 450
306 406
958 107
118 504
163 192
269 308
465 530
754 762
877 467
780 257
609 82
288 218
947 323
337 349
486 343
269 856
256 562
604 519
958 821
924 624
839 533
19 906
74 771
561 607
827 585
459 751
38 806
754 745
438 212
780 846
23 889
839 905
692 479
790 206
939 527
256 674
494 981
444 46
207 99
827 793
278 341
816 485
118 128
733 544
470 413
583 701
480 668
552 132
19 32
726 756
594 247
696 542
130 722
111 482
186 739
74 424
54 507
494 245
604 839
881 612
212 895
102 369
38 920
301 290
340 271
186 829
54 618
900 925
256 528
133 818
157 746
697 411
465 518
780 45
459 401
301 990
609 880
825 691
410 858
743 465
839 550
256 6
130 98
115 608
302 2
288 838
465 73
201 553
306 531
594 150
597 958
991 469
246 944
38 11
881 415
494 202
201 462
118 20
632 229
494 464
133 280
111 298
207 21
106 820
693 337
111 422
76 983
958 216
790 629
284 190
825 719
958 980
650 647
839 452
410 149
721 385
754 78
774 934
693 696
839 680
774 347
288 568
774 122
340 683
608 866
115 721
754 601
844 710
1 120
780 491
753 362
130 444
302 885
604 774
881 17
177 316
823 581
207 200
246 89
569 432
569 295
410 711
106 75
494 654
877 332
947 817
0 115
186 135
106 664
569 8
80 201
991 795
569 571
733 155
650 18
288 615
301 973
337 414
374 427
177 633
839 175
201 64
311 791
501 731
76 684
900 764
80 163
54 510
256 955
754 46
404 136
991 520
186 503
111 904
651 524
108 923
924 945
306 910
130 679
551 296
696 620
243 68
596 675
306 843
427 943
650 792
823 435
377 720
201 578
130 639
293 51
243 952
1 409
604 19
163 305
825 129
0 604
609 707
465 645
76 281
692 558
682 274
212 370
924 951
372 445
23 859
494 164
377 963
293 755
991 778
493 25
823 864
38 65
839 457
108 357
23 737
753 575
443 963
106 328
790 182
733 574
924 259
111 783
372 35
753 956
465 621
754 361
519 522
704 306
604 486
551 327
108 710
108 631
958 781
823 591
404 626
0 438
632 160
256 14
743 957
269 897
177 109
696 478
459 235
427 49
470 191
157 730
340 221
774 326
958 598
493 796
337 375
311 927
220 874
728 589
475 27
692 41
839 669
753 185
163 965
293 188
220 144
76 831
881 993
790 300
924 712
23 907
337 898
302 857
825 666
697 224
163 713
0 551
728 198
340 677
823 729
372 331
293 193
682 766
288 92
377 265
108 492
583 735
13 335
721 61
697 985
780 750
501 313
704 340
459 699
947 784
201 154
493 195
133 997
76 940
697 808
438 583
650 506
220 534
991 226
552 514
486 338
475 786
693 924
157 862
881 16
816 687
243 443
816 870
596 304
827 252
697 577
552 738
438 243
337 549
306 972
372 446
177 523
80 301
651 60
561 804
596 634
632 456
177 855
102 773
374 651
957 241
1 605
608 935
130 124
692 555
157 563
693 650
111 291
561 937
743 697
733 513
438 718
374 118
278 390
519 346
790 949
519 453
774 539
207 892
697 844
632 656
23 606
486 181
501 354
501 39
597 493
470 953
552 90
427 364
284 400
340 565
293 420
470 835
816 12
374 596
74 162
207 83
54 999
569 376
306 371
728 476
753 613
721 85
650 800
697 230
696 330
157 255
594 10
608 752
465 850
682 557
288 156
597 692
947 884
337 126
881 815
596 667
692 655
519 460
881 979
900 97
404 853
551 258
753 317
696 644
823 398
246 798
80 877
133 165
76 263
877 760
13 971
561 537
991 146
753 830
301 996
284 250
207 812
427 826
111 521
284 158
269 351
311 72
486 590
594 749
288 490
256 147
377 995
790 312
293 768
372 294
958 387
704 561
958 705
410 71
519 756
743 594
551 502
1 747
774 899
157 113
780 573
163 852
718 865
493 508
80 609
288 151
704 106
743 827
278 637
459 975
177 7
269 34
212 248
133 425
311 253
438 377
608 723
115 494
561 353
753 487
102 776
372 950
115 470
604 459
278 811
569 695
594 982
957 112
608 439
106 94
133 512
163 652
561 536
693 1
519 670
13 688
957 289
38 658
924 213
718 418
108 809
0 693
111 681
256 454
459 412
728 9
410 148
480 930
608 635
947 564
682 599
608 602
111 215
696 239
293 867
825 716
438 130
311 954
377 52
957 266
583 789
877 903
311 270
118 882
693 23
825 998
301 744
115 311
718 350
552 724
501 225
569 546
278 282
427 127
76 40
133 440
816 893
721 44
106 442
609 694
0 597
692 586
728 782
74 732
839 352
877 797
201 141
743 278
816 417
519 189
604 900
823 702
608 837
1 627
163 210
212 757
404 836
118 772
212 819
157 62
118 93
774 468
302 977
551 700
427 641
470 292
780 42
596 886
519 974
721 471
957 842
337 348
212 994
596 603
278 901
23 616
991 541
102 916
246 238
1 988
157 55
604 947
201 447
597 480
19 989
519 619
340 672
881 540
74 29
301 197
728 31
38 911
470 285
13 232
692 515
301 286
201 254
302 43
1 184
692 909
552 516
733 430
220 214
947 66
243 204
38 196
404 272
597 881
651 242
816 646
816 178
743 284
651 279
827 978
604 816
102 805
494 105
54 48
718 283
881 686
480 976
269 209
186 392
1 878
186 872
133 203
693 111
816 545
438 825
480 765
256 727
704 733
494 500
583 767
212 173
115 552
561 249
54 535
790 932
924 966
410 788
470 91
278 643
947 610
212 538
19 30
900 262
733 623
177 363
163 3
377 261
486 159
682 775
825 708
186 649
118 560
825 863
594 803
102 929
475 961
704 991
293 53
54 567
958 740
552 873
108 267
877 496
696 611
790 810
302 883
651 441
947 759
212 477
991 227
475 172
604 962
877 505
13 587
118 36
0 704
374 256
23 628
118 199
19 946
306 967
632 548
293 547
404 176
754 529
339 662
340 33
102 386
870 984
682 600
597 38
877 169
596 657
583 244
475 525
284 630
459 236
306 685
220 458
733 50
19 832
246 919
583 59
632 834
596 84
243 890
118 329
13 26
900 962
130 921
374 177
721 847
609 584
74 116
207 125
207 382
493 871
494 473
163 143
569 79
3 999 980
3 174 826
3 790 890
3 927 881
3 453 771
3 284 93
3 335 820
3 820 992
3 359 10
3 0 999
3 901 753
3 332 129
3 273 800
3 805 916
3 435 801
3 339 459
3 146 45
3 776 929
3 822 799
3 243 679
3 780 568
3 238 570
3 261 499
3 881 230
3 302 235
3 285 776
3 234 933
3 924 780
3 265 875
3 865 703
3 385 439
3 435 146
3 717 767
3 174 325
3 570 287
3 368 978
3 84 480
3 870 569
3 329 26
3 738 997
3 179 249
3 565 241
3 149 461
3 705 873
3 894 368
3 835 81
3 796 191
3 951 165
3 234 908
3 597 366
3 230 828
3 746 278
3 786 99
3 94 929
3 184 206
3 856 587
3 135 435
3 334 216
3 337 127
3 637 356
3 926 13
3 396 957
3 449 582
3 567 625
3 305 63
3 783 21
3 818 899
3 92 245
3 46 698
3 951 348
3 382 415
3 913 295
3 166 639
3 59 711
3 450 179
3 377 815
3 284 484
3 286 241
3 270 578
3 836 27
3 334 128
3 910 658
3 551 975
3 796 443
3 377 807
3 856 508
3 23 742
3 160 853
3 932 994
3 223 188
3 87 799
3 395 792
3 449 221
3 396 68
3 943 113
3 489 906
3 363 538
3 349 961
3 976 379
3 707 617
3 834 332
3 371 274
3 689 943
3 364 322
3 101 336
3 266 160
3 625 205
3 455 603
3 413 904
3 915 728
3 831 567
3 281 58
3 934 917
3 386 566
3 701 462
3 456 201
3 790 710
3 857 746
3 329 496
3 557 2
3 190 1
3 206 643
3 255 294
3 201 28
3 645 771
3 482 939
3 247 161
3 374 900
3 961 584
3 806 81
3 238 836
3 851 394
3 878 383
3 572 295
3 966 465
3 160 139
3 653 336
3 290 756
3 262 271
3 358 81
3 786 873
3 121 610
3 674 803
3 835 652
3 469 983
3 604 651
3 463 320
3 470 697
3 285 514
3 259 451
3 49 392
3 474 966
3 352 730
3 821 718
3 536 849
3 499 979
3 252 174
3 449 948
3 472 563
3 269 855
3 698 627
3 833 160
3 671 218
3 70 328
3 901 774
3 854 831
3 100 98
3 151 290
3 346 736
3 348 71
3 313 110
3 176 382
3 40 11
3 389 5
3 644 606
3 705 107
3 578 614
3 605 202
3 39 154
3 123 882
3 552 839
3 291 372
3 15 132
3 510 754
3 804 919
3 667 67
3 482 665
3 548 974
3 218 752
3 251 843
3 769 443
3 745 259
3 876 492
3 123 545
3 835 497
3 232 95
3 661 652
3 560 209
3 545 782
3 555 617
3 389 276
3 893 918
3 810 718
3 922 419
3 182 460
3 640 281
3 894 585
3 265 525
3 726 310
3 909 553
3 442 317
3 94 197
3 681 125
3 643 761
3 722 13
3 588 279
3 548 393
3 875 598
3 919 590
3 104 542
3 615 940
3 4 951
3 875 149
3 516 178
3 260 888
3 428 384
3 440 805
3 376 222
3 864 163
3 442 568
3 44 492
3 270 540
3 42 216
3 787 308
3 571 162
3 720 178
3 925 654
3 940 980
3 851 484
3 315 93
3 344 951
3 722 866
3 371 145
3 155 232
3 117 15
3 598 480
3 184 531
3 661 217
3 819 11
3 250 210
3 333 992
3 143 950
3 567 152
3 316 195
3 574 268
3 703 822
3 254 385
3 224 427
3 241 418
3 180 766
3 779 921
3 455 835
3 981 897
3 877 696
3 624 716
3 988 329
3 190 570
3 443 4
3 953 560
3 881 729
3 234 581
3 230 506
3 120 98
3 62 633
3 915 305
3 660 436
3 232 490
3 369 550
3 599 538
3 715 672
3 797 81
3 842 514
3 923 649
3 92 160
3 68 906
3 940 640
3 282 208
3 470 23
3 791 384
3 546 617
3 861 434
3 623 953
3 424 495
3 670 455
3 635 464
3 876 626
3 544 52
3 714 571
3 746 208
3 470 688
3 171 761
3 376 79
3 712 471
3 459 501
3 438 249
3 957 991
3 357 54
3 747 246
3 463 15
3 347 271
3 76 439
3 470 570
3 924 983
3 275 90
3 874 543
3 785 831
3 571 14
3 426 201
3 91 706
3 915 19
3 591 676
3 234 243
3 449 86
3 154 666
3 761 904
3 65 699
3 784 222
3 827 727
3 2 755
3 680 462
3 250 879
3 667 840
3 151 648
3 177 885
3 648 921
3 288 187
3 217 63
3 628 721
3 168 764
3 765 622
3 889 521
3 505 651
3 88 232
3 338 980
3 895 352
3 599 563
3 663 575
3 666 329
3 748 163
3 165 170
3 622 97
3 653 957
3 757 470
3 400 20
3 764 32
3 473 830
3 788 830
3 527 993
3 528 7
3 812 672
3 256 586
3 921 14
3 648 787
3 734 561
3 820 469
3 256 82
3 226 546
3 314 933
3 319 470
3 169 300
3 690 92
3 821 579
3 646 224
3 245 784
3 958 863
3 911 679
3 803 210
3 285 295
3 317 807
3 467 141
3 594 241
3 417 575
3 404 868
3 886 533
3 583 555
3 584 739
3 787 79
3 850 573
3 689 768
3 100 618
3 873 831
3 966 615
3 763 915
3 789 162
3 235 903
3 158 623
3 732 293
3 323 670
3 790 118
3 297 325
3 390 484
3 871 526
3 291 389
3 324 831
3 933 688
3 701 881
3 999 817
3 856 146
3 819 579
3 646 344
3 566 994
3 969 867
3 594 646
3 213 532
3 645 626
3 944 770
3 640 482
3 462 256
3 608 934
3 872 884
3 174 943
3 221 31
3 554 577
3 833 952
3 402 952
3 143 454
3 210 942
3 644 586
3 284 393
3 234 653
3 223 497
3 607 33
3 916 930
3 919 279
3 881 229
3 267 242
3 138 97
3 563 999
3 865 729
3 694 57
3 749 972
3 529 321
3 39 335
3 715 622
3 560 780
3 80 586
3 511 465
3 426 971
3 530 368
3 495 996
3 204 669
3 198 596
3 838 810
3 981 230
3 372 704
3 164 295
3 919 936
3 103 508
3 257 477
3 215 130
3 30 733
3 256 624
3 418 946
3 224 623
3 491 788
3 213 673
3 985 997
3 780 879
3 537 310
3 36 475
3 992 734
3 11 12
3 456 79
3 660 675
3 206 193
3 275 392
3 87 488
3 588 502
3 236 172
3 216 510
3 595 911
3 279 903
3 75 414
3 331 725
3 852 935
3 994 266
3 514 91
3 423 777
3 621 120
3 677 562
3 647 132
3 412 230
3 919 105
3 303 605
3 686 769
3 344 515
3 218 547
3 683 500
3 330 265
3 359 154
3 536 651
3 871 637
3 244 591
3 212 290
3 325 296
3 224 452
3 986 925
3 642 12
3 654 141
3 389 278
3 906 25
3 849 719
3 14 47
3 520 619
3 953 611
3 202 807
3 965 653
3 283 742
3 416 68
3 59 898
3 10 956
3 815 178
3 873 551
3 918 124
3 700 617
3 588 120
3 855 350
3 984 40
3 971 993
3 857 954
3 197 185
3 301 883
3 614 32
3 590 867
3 384 328
3 217 182
3 121 438
3 79 408
3 124 632
3 826 822
3 510 34
3 377 37
3 789 373
3 402 719
3 665 23
3 687 430
3 322 880
3 625 221
3 935 279
3 690 132
3 588 724
3 896 241
3 630 450
3 578 244
3 302 566
3 404 846
3 794 956
3 776 207
3 263 34
3 11 135
3 745 523
3 704 627
3 884 12
3 835 759
3 960 972
3 769 434
3 419 92
3 384 447
3 708 533
3 614 833
3 922 286
3 597 583
3 14 746
3 738 692
3 934 219
3 464 720
3 948 101
3 31 881
3 754 306
3 580 472
3 351 219
3 948 815
3 738 825
3 365 100
3 868 150
3 455 566
3 430 745
3 447 39
3 974 577
3 541 61
3 67 457
3 223 760
3 348 487
3 41 654
3 832 124
3 486 871
3 558 503
3 589 331
3 625 422
3 850 506
3 778 841
3 456 234
3 453 701
3 206 271
3 680 735
3 784 545
3 245 371
3 523 340
3 620 999
3 663 483
3 104 390
3 403 874
3 225 810
3 95 866
3 505 886
3 220 657
3 433 379
3 667 64
3 799 829
3 610 807
3 366 649
3 795 914
3 875 525
3 689 342
3 855 234
3 768 36
3 749 279
3 299 688
3 483 439
3 795 379
3 291 760
3 308 278
3 303 173
3 918 46
3 771 122
3 962 955
3 687 523
3 377 713
3 601 20
3 538 694
3 625 468
3 842 536
3 449 537
3 648 661
3 856 361
3 429 138
3 203 767
3 393 171
3 412 267
3 125 781
3 17 592
3 979 861
3 419 509
3 828 644
3 380 291
3 135 816
3 902 345
3 888 239
3 700 585
3 743 507
3 795 584
3 681 17
3 937 991
3 98 646
3 894 645
3 406 658
3 946 661
3 619 802
3 257 203
3 624 67
3 725 439
3 400 176
3 307 395
3 881 236
3 839 808
3 53 402
3 106 681
3 227 778
3 995 35
3 258 80
3 209 935
3 214 618
3 944 403
3 514 259
3 905 834
3 686 276
3 485 775
3 117 588
3 672 873
3 61 757
3 409 959
3 904 310
3 314 727
3 754 479
3 625 445
3 285 996
3 876 630
3 510 123
3 871 805
3 376 527
3 601 430
3 715 778
3 485 501
3 388 148
3 667 864
3 895 142
3 951 463
3 869 999
3 274 506
3 173 535
3 746 819
3 787 808
3 710 844
3 1 549
3 912 282
3 171 226
3 663 652
3 806 204
3 365 815
3 27 29
3 750 758
3 446 759
3 479 504
3 813 75
3 384 92
3 98 388
3 795 796
3 187 390
3 109 449
3 224 560
3 759 206
3 101 817
3 497 53
3 454 147
3 187 137
3 805 959
3 265 909
3 138 257
3 247 599
3 253 617
3 30 581
3 893 738
3 981 729
3 814 940
3 515 775
3 189 24
3 369 411
3 891 86
3 418 295
3 576 784
3 126 274
3 784 356
3 413 631
3 286 722
3 740 280
3 659 486
3 895 605
3 683 425
3 547 770
3 56 632
3 841 375
3 258 732
3 331 452
3 167 850
3 311 448
3 787 952
3 163 47
3 267 475
3 567 45
3 518 153
3 697 451
3 742 63
3 814 761
3 401 6
3 404 793
3 235 959
3 822 42
3 470 769
3 70 501
3 750 293
3 504 672
3 779 227
3 559 845
3 10 227
3 665 616
3 187 153
3 21 867
3 531 31
3 743 586
3 835 883
3 588 964
3 168 189
3 195 944
3 302 958
3 914 760
3 954 820
3 258 77
3 354 50
3 734 136
3 662 771
3 730 988
3 67 996
3 50 65
3 499 822
3 787 484
3 444 958
3 992 421
3 586 752
3 255 934
3 710 469
3 632 114
3 136 820
3 462 268
3 145 542
3 101 615
3 641 615
3 796 897
3 82 572
3 941 933
3 125 894
3 506 871
3 70 280
3 337 655
3 946 802
3 506 219
3 875 161
3 941 285
3 505 62
3 602 462
3 62 233
3 699 392
3 702 421
3 303 819
3 683 122
3 664 378
3 98 83
3 612 592
3 960 259
3 570 487
3 238 969
3 801 859
3 286 910
3 795 308
3 542 0
3 943 409
3 326 203
3 20 402
3 778 972
3 925 199
3 721 430
3 755 200
3 509 907
3 661 38
3 399 953
3 696 849
3 15 106
3 451 0
3 921 152
3 414 514
3 979 60
3 104 580
3 339 119
3 312 788
3 154 779
3 271 83
3 493 75
3 463 150
3 735 235
3 734 176
3 72 183
3 254 551
3 929 955
3 467 261
3 39 862
3 378 694
3 10 600
3 897 533
3 974 499
3 9 432
3 110 304
3 104 879
3 453 484
3 969 84
3 893 652
3 973 898
3 638 890
3 926 441
3 118 772
3 178 236
3 269 174
3 619 479
3 290 405
3 547 601
3 731 283
3 853 107
3 913 737
3 442 894
3 893 842
3 179 666
3 554 836
3 18 627
3 81 594
3 461 323
3 355 578
3 835 996
3 47 14
3 863 465
3 618 869
3 73 634
3 497 298
3 322 156
3 587 706
3 41 11
3 644 569
3 158 355
3 730 398
3 339 394
3 550 731
3 535 734
3 728 791
3 647 974
3 185 663
3 347 488
3 591 978
3 622 389
3 905 89
3 954 728
3 125 606
3 452 272
3 687 915
3 618 554
3 541 493
3 863 370
3 607 218
3 176 588
3 47 545
3 838 269
3 668 518
3 832 677
3 846 401
3 253 134
3 165 400
3 514 711
3 973 126
3 277 722
3 660 63
3 945 669
3 39 518
3 166 452
3 455 393
3 229 436
3 676 421
3 435 818
3 54 343
3 400 63
3 602 280
3 18 558
3 360 700
3 185 871
3 879 662
3 410 984
3 804 112
3 848 53
3 638 463
3 436 625
3 322 296
3 17 947
3 992 987
3 615 270
3 910 556
3 68 349
3 425 642
3 253 818
3 860 675
3 689 618
3 909 791
3 343 912
3 341 207
3 665 14
3 34 74
3 783 395
3 912 346
3 948 6
3 723 709
3 829 234
3 225 466
3 506 863
3 909 954
3 296 350
3 276 125
3 399 297
3 716 705
3 276 617
3 421 862
3 669 22
3 788 812
3 852 63
3 128 83
3 675 614
3 198 295
1000 1010 1000
29 986
4 561
569 55
877 334
82 125
557 644
445 153
4 161
909 231
725 834
357 422
120 205
288 577
168 10
705 823
933 767
824 110
309 165
137 656
234 710
357 902
495 613
605 379
337 417
254 511
487 250
448 765
882 612
725 293
725 491
705 18
519 218
819 953
0 415
487 230
0 428
864 651
947 406
415 234
896 480
292 116
535 394
741 863
0 955
397 133
213 677
969 456
933 789
965 633
334 805
461 828
201 266
754 468
445 308
82 440
90 134
17 866
705 132
172 385
229 126
146 114
389 377
896 881
90 368
929 395
520 213
234 827
151 419
229 892
519 635
428 773
254 873
519 988
819 931
196 412
27 780
487 967
947 364
933 971
727 909
410 940
520 396
27 732
423 155
508 15
331 879
245 573
445 682
751 889
753 43
741 274
520 4
423 24
569 48
223 144
751 798
461 893
90 458
753 451
907 706
484 123
508 362
969 850
118 652
923 734
654 994
233 147
309 405
569 832
372 489
770 960
196 104
909 435
585 605
172 714
489 614
233 140
726 252
956 962
751 830
423 536
329 737
292 517
929 930
423 702
82 790
196 16
877 770
181 654
334 99
415 545
495 740
309 270
519 911
654 761
923 697
955 359
181 510
454 210
17 876
0 585
4 676
29 620
443 660
27 992
836 313
965 673
288 462
909 636
448 260
784 746
120 341
396 910
484 202
329 576
929 225
947 450
507 25
234 367
233 771
824 265
585 229
747 607
356 575
484 6
784 731
168 115
372 454
947 505
747 427
773 482
445 793
397 956
396 945
443 630
309 514
882 768
487 369
413 794
965 629
389 209
705 97
181 907
118 681
784 772
545 465
413 437
784 430
747 976
304 249
605 360
763 934
569 875
753 152
118 3
114 756
784 653
923 22
233 523
610 128
17 764
118 608
461 987
519 111
461 974
907 841
352 323
933 943
397 641
754 906
445 23
229 444
969 330
753 914
356 442
605 401
969 236
864 452
754 538
510 811
329 407
907 67
727 969
223 280
397 818
372 429
334 590
304 135
234 182
137 721
519 175
753 426
27 664
698 459
520 753
726 21
17 555
413 927
819 534
909 207
372 413
410 580
770 601
495 303
90 983
245 241
751 478
454 918
545 874
605 57
535 148
195 212
882 666
410 744
725 638
196 571
337 8
410 735
610 912
0 520
309 358
114 408
585 410
254 845
535 603
508 318
292 375
410 414
585 929
877 254
357 584
151 141
352 686
201 381
487 581
557 813
610 164
304 806
928 464
484 176
909 290
29 64
727 329
507 904
535 69
928 279
17 541
428 741
201 922
461 671
137 996
487 185
168 572
907 840
254 36
585 245
356 989
195 749
610 179
423 93
605 838
487 526
520 288
726 530
495 611
292 315
864 556
508 516
443 857
507 40
329 262
520 705
29 239
877 508
196 826
90 388
510 599
955 159
751 894
29 804
429 623
146 82
741 522
507 791
337 38
510 542
864 244
17 483
654 835
82 745
334 851
352 609
223 281
233 431
389 637
0 181
753 418
819 476
223 723
535 925
118 486
747 94
82 939
0 146
114 217
763 374
520 763
396 512
727 933
29 962
610 684
410 416
309 496
245 242
819 808
819 31
955 588
357 558
654 41
454 198
824 424
933 777
304 762
508 150
245 28
454 655
337 785
229 39
201 648
585 535
484 485
410 259
510 578
770 779
292 954
508 351
320 806
923 547
741 616
82 537
824 343
196 9
229 532
725 942
17 810
741 709
153 502
727 519
877 965
172 384
654 564
410 366
331 119
933 122
495 37
882 470
654 42
389 257
520 90
747 219
337 124
151 76
413 453
751 663
495 900
334 332
415 397
213 85
923 848
245 83
907 521
168 774
520 610
196 883
882 566
357 803
770 527
254 2
495 299
535 844
495 13
356 224
484 286
415 137
357 640
0 877
508 639
120 327
965 398
195 285
114 52
557 692
969 833
356 390
605 7
168 446
151 949
770 748
489 821
137 373
17 659
824 376
747 142
461 937
196 227
907 582
428 304
725 759
396 990
754 421
172 393
389 944
151 981
410 993
545 769
429 973
585 223
545 226
461 51
605 548
4 551
448 109
120 112
510 525
947 606
698 504
726 693
396 752
331 888
487 235
151 215
773 60
151 216
234 550
168 915
535 101
507 991
120 298
725 984
413 192
933 820
428 168
725 433
356 801
234 849
415 29
329 718
484 432
397 792
836 908
726 936
877 17
955 869
181 569
331 411
773 65
569 592
4 898
229 171
329 287
741 689
955 11
413 325
727 698
510 139
929 169
29 455
337 471
213 802
396 950
118 755
195 501
397 258
213 515
245 795
487 333
223 221
585 725
372 151
352 852
763 559
397 87
331 310
90 283
763 173
172 438
705 528
27 959
245 946
923 643
698 579
334 787
29 948
448 729
535 867
443 264
429 174
429 952
454 730
928 699
82 970
329 336
389 170
233 703
448 786
763 469
969 392
947 409
4 96
223 859
201 208
569 720
923 129
304 800
877 331
292 50
304 617
610 586
448 49
508 380
610 668
114 568
146 445
726 479
229 985
545 20
610 314
209 519
82 596
507 716
836 574
329 61
545 711
410 843
413 79
510 294
726 199
114 680
415 484
443 750
965 162
461 846
495 145
784 632
929 344
334 191
907 797
201 243
137 958
507 256
389 999
415 195
955 627
947 887
137 938
288 276
120 598
423 106
90 649
877 27
836 400
223 776
223 387
489 399
445 472
443 88
114 92
337 494
172 70
288 995
195 781
331 273
352 473
489 700
304 441
909 855
413 738
864 497
195 54
654 825
933 854
923 95
763 32
428 309
234 113
947 158
741 1
352 932
429 546
864 253
229 62
955 439
882 457
519 100
965 131
146 947
396 982
331 975
557 678
770 180
254 154
877 201
507 687
836 722
415 292
545 963
357 544
569 74
507 30
487 312
508 477
309 71
443 177
654 880
223 977
29 386
784 404
965 694
519 619
545 149
747 924
864 539
114 672
928 842
727 120
334 858
233 19
454 107
288 624
448 529
443 53
824 301
292 553
754 713
331 916
754 130
356 361
168 46
510 704
118 365
489 961
445 715
727 819
118 901
114 268
698 317
292 778
304 674
784 822
605 563
836 646
146 495
429 350
535 232
461 500
389 275
82 920
454 157
824 339
969 434
151 121
545 203
820 917
329 621
520 389
557 214
229 436
0 372
172 26
585 747
726 618
819 917
288 885
4 45
352 978
585 352
181 196
754 240
201 163
698 474
454 899
245 628
747 645
933 816
824 72
213 650
751 466
319 840
484 634
201 189
82 595
428 557
557 305
557 799
698 447
39 853
254 354
698 190
288 297
773 865
896 502
754 968
415 337
947 602
507 349
747 335
423 271
334 200
877 448
27 246
569 807
489 540
753 872
234 622
773 346
754 952
396 80
234 263
965 102
510 66
819 957
443 966
429 587
357 490
337 696
753 136
741 328
229 44
17 206
965 284
751 194
304 228
725 475
907 220
356 980
352 591
489 86
27 277
836 186
495 817
288 604
763 683
955 688
947 204
181 487
181 784
773 871
928 371
489 89
489 658
146 928
557 903
120 338
90 549
770 868
146 824
896 861
824 188
557 98
195 267
461 695
751 926
605 593
763 178
423 760
234 73
654 503
448 884
389 972
137 91
864 160
965 728
705 554
929 363
429 964
196 870
770 860
213 897
969 108
27 68
245 690
747 47
705 306
181 726
146 896
172 14
773 302
836 701
698 951
292 420
196 402
334 324
233 278
882 685
233 138
907 211
137 81
389 691
933 197
445 321
90 295
120 560
726 167
928 717
741 886
819 589
413 353
836 403
357 647
969 739
929 12
610 524
753 626
454 631
705 307
172 345
4 743
428 356
443 5
896 758
254 782
909 567
654 905
397 183
168 788
445 56
27 248
356 675
118 679
864 935
172 667
569 488
923 326
17 143
352 998
151 570
396 815
928 669
784 707
0 727
605 890
928 543
372 751
309 238
693 193
415 882
896 222
397 615
213 941
90 449
773 289
727 864
784 193
928 103
510 322
726 84
882 518
337 891
428 357
532 142
705 463
763 719
137 533
120 391
146 233
329 921
4 460
372 118
413 237
741 839
448 809
751 829
557 847
535 766
168 425
114 282
508 296
896 316
331 75
195 247
331 58
423 34
896 625
896 499
773 742
352 565
372 754
754 662
357 251
213 166
698 261
168 117
754 670
337 370
753 783
245 919
429 269
484 594
484 187
864 831
955 509
120 184
727 443
610 895
292 382
770 775
309 531
907 33
896 837
201 311
929 979
372 461
428 507
118 35
519 156
304 291
725 583
288 355
923 796
288 481
836 712
213 736
396 105
955 342
254 913
181 423
195 757
909 600
223 878
969 467
356 320
770 506
429 562
763 78
489 498
909 492
698 255
929 493
545 300
372 923
569 347
519 348
929 853
773 513
445 856
195 272
27 661
819 383
428 836
705 642
882 812
254 340
213 597
151 862
233 724
146 172
448 63
882 77
137 814
928 378
824 657
29 708
909 59
201 733
4 997
309 665
454 127
397 552
181 319
132 743
3 310 361
3 296 606
3 843 689
3 424 508
3 344 63
3 734 258
3 830 528
3 876 614
3 440 343
3 48 898
3 81 937
3 430 217
3 187 65
3 879 422
3 680 817
3 879 871
3 965 601
3 411 640
3 551 673
3 952 508
3 519 361
3 447 341
3 22 483
3 882 91
3 157 279
3 843 622
3 904 680
3 295 117
3 888 671
3 25 232
3 772 394
3 95 298
3 878 837
3 292 504
3 524 141
3 588 800
3 691 792
3 861 470
3 147 570
3 454 600
3 18 149
3 236 42
3 415 939
3 977 474
3 58 619
3 144 710
3 266 900
3 569 662
3 632 752
3 952 347
3 53 493
3 47 248
3 716 807
3 110 505
3 570 948
3 993 948
3 970 396
3 745 585
3 628 747
3 451 883
3 816 655
3 645 802
3 403 883
3 745 106
3 399 927
3 448 918
3 882 902
3 759 954
3 315 195
3 682 258
3 623 239
3 50 518
3 801 432
3 996 620
3 39 458
3 550 615
3 44 914
3 312 536
3 124 764
3 973 398
3 132 936
3 275 560
3 381 569
3 972 189
3 25 165
3 996 597
3 684 535
3 592 49
3 228 696
3 519 274
3 855 297
3 606 23
3 294 387
3 478 146
3 624 908
3 831 283
3 490 51
3 736 165
3 202 390
3 435 717
3 830 395
3 864 977
3 412 886
3 996 268
3 130 565
3 119 556
3 653 445
3 973 430
3 899 384
3 686 333
3 286 526
3 148 609
3 470 17
3 335 534
3 810 946
3 897 119
3 841 957
3 62 133
3 196 774
3 254 749
3 914 6
3 454 227
3 485 574
3 301 770
3 260 506
3 632 351
3 992 224
3 368 831
3 427 832
3 918 867
3 874 660
3 65 233
3 573 653
3 691 296
3 225 378
3 711 585
3 800 963
3 36 768
3 528 202
3 697 270
3 231 688
3 542 170
3 196 856
3 999 985
3 312 692
3 718 583
3 241 781
3 32 984
3 418 583
3 435 788
3 171 978
3 193 480
3 174 229
3 111 507
3 766 495
3 179 211
3 599 80
3 806 925
3 456 361
3 422 312
3 366 48
3 906 121
3 414 212
3 19 193
3 719 832
3 169 73
3 408 158
3 932 464
3 576 550
3 122 181
3 764 951
3 997 434
3 769 550
3 757 800
3 150 289
3 120 97
3 418 997
3 360 987
3 798 595
3 664 70
3 808 176
3 986 120
3 858 509
3 429 671
3 476 26
3 604 114
3 685 807
3 912 212
3 561 100
3 783 523
3 278 980
3 7 492
3 824 135
3 100 408
3 331 444
3 575 702
3 312 389
3 512 801
3 146 449
3 655 156
3 325 51
3 74 316
3 411 387
3 753 983
3 659 503
3 657 900
3 734 905
3 347 973
3 752 207
3 728 522
3 263 568
3 732 537
3 278 667
3 388 819
3 588 928
3 333 52
3 260 983
3 69 189
3 373 17
3 660 508
3 536 705
3 341 289
3 539 277
3 860 322
3 99 879
3 913 471
3 231 821
3 625 3
3 162 218
3 242 977
3 696 785
3 139 867
3 742 407
3 738 785
3 173 897
3 788 202
3 856 129
3 834 483
3 126 520
3 41 206
3 882 494
3 613 687
3 591 621
3 367 245
3 789 817
3 140 255
3 297 762
3 575 268
3 10 358
3 127 597
3 601 331
3 122 536
3 722 173
3 650 509
3 406 588
3 764 852
3 880 410
3 923 78
3 283 722
3 683 666
3 368 990
3 563 970
3 216 44
3 768 419
3 461 230
3 566 590
3 769 607
3 62 252
3 383 885
3 469 538
3 766 702
3 71 532
3 915 710
3 723 747
3 275 684
3 68 202
3 654 734
3 165 326
3 876 29
3 806 720
3 300 631
3 152 556
3 340 871
3 23 742
3 574 159
3 999 895
3 986 315
3 488 393
3 598 415
3 194 921
3 331 978
3 696 868
3 995 642
3 170 845
3 350 181
3 570 575
3 225 948
3 134 64
3 680 644
3 183 533
3 95 833
3 201 27
3 142 712
3 714 340
3 587 485
3 739 721
3 124 628
3 592 938
3 632 826
3 804 127
3 64 443
3 138 532
3 160 438
3 375 439
3 853 128
3 218 58
3 955 124
3 831 748
3 686 651
3 673 538
3 939 902
3 217 157
3 47 393
3 939 84
3 269 230
3 482 585
3 456 500
3 763 160
3 223 433
3 460 760
3 892 392
3 377 135
3 209 233
3 768 294
3 265 58
3 152 669
3 867 903
3 669 353
3 252 688
3 679 312
3 392 174
3 114 906
3 377 60
3 130 65
3 6 8
3 732 155
3 885 925
3 951 228
3 333 454
3 756 968
3 865 211
3 270 928
3 218 300
3 387 169
3 14 581
3 898 273
3 667 367
3 34 331
3 209 903
3 215 642
3 692 415
3 959 378
3 809 860
3 361 945
3 545 488
3 166 313
3 949 148
3 320 158
3 223 430
3 710 67
3 726 541
3 856 535
3 790 381
3 470 172
3 779 285
3 0 122
3 417 747
3 135 594
3 399 789
3 780 37
3 787 522
3 421 518
3 98 340
3 286 908
3 302 277
3 553 511
3 756 219
3 888 769
3 919 598
3 0 880
3 919 411
3 549 698
3 448 799
3 920 603
3 81 257
3 111 900
3 666 458
3 584 738
3 425 270
3 36 816
3 638 190
3 918 251
3 139 631
3 391 96
3 948 941
3 150 332
3 160 867
3 928 989
3 136 80
3 537 703
3 477 353
3 484 485
3 906 974
3 744 451
3 535 111
3 974 706
3 534 796
3 633 295
3 707 396
3 387 747
3 834 270
3 639 210
3 696 140
3 757 894
3 310 451
3 415 153
3 953 932
3 690 777
3 940 186
3 482 766
3 615 11
3 488 415
3 533 420
3 765 435
3 141 83
3 963 337
3 563 215
3 106 469
3 945 78
3 314 607
3 238 677
3 869 531
3 729 105
3 645 78
3 128 940
3 418 33
3 928 109
3 961 356
3 653 994
3 162 120
3 358 776
3 252 388
3 665 728
3 298 620
3 313 58
3 328 95
3 850 538
3 302 786
3 390 217
3 208 864
3 85 692
3 746 560
3 733 794
3 721 794
3 697 677
3 148 895
3 477 896
3 190 298
3 670 410
3 630 872
3 919 480
3 830 95
3 364 321
3 180 549
3 268 427
3 366 237
3 875 9
3 668 856
3 432 425
3 858 685
3 743 189
3 130 532
3 862 108
3 372 609
3 228 596
3 319 621
3 43 704
3 753 880
3 487 891
3 622 261
3 771 272
3 793 852
3 997 88
3 671 175
3 439 921
3 853 6
3 178 788
3 638 562
3 693 333
3 3 636
3 876 994
3 462 104
3 324 118
3 586 576
3 136 319
3 717 388
3 934 880
3 576 259
3 314 467
3 52 149
3 921 568
3 401 215
3 111 66
3 519 466
3 418 538
3 419 124
3 578 679
3 621 593
3 729 474
3 498 501
3 90 497
3 619 808
3 769 101
3 892 797
3 0 240
3 369 650
3 373 593
3 98 130
3 619 257
3 96 29
3 82 225
3 741 426
3 982 658
3 379 13
3 790 685
3 611 370
3 903 216
3 782 574
3 849 757
3 884 361
3 231 425
3 728 114
3 981 347
3 306 445
3 723 986
3 872 607
3 129 853
3 602 543
3 535 728
3 997 471
3 463 655
3 423 564
3 460 762
3 513 244
3 929 966
3 351 556
3 961 245
3 779 419
3 435 590
3 750 816
3 712 93
3 230 615
3 30 699
3 911 624
3 5 27
3 2 866
3 384 70
3 406 201
3 278 590
3 610 643
3 582 73
3 686 857
3 156 266
3 205 304
3 544 977
3 894 240
3 940 63
3 499 878
3 294 720
3 596 677
3 993 455
3 148 516
3 600 967
3 560 307
3 167 887
3 379 420
3 674 347
3 553 552
3 515 742
3 511 909
3 67 758
3 974 565
3 19 885
3 761 971
3 925 447
3 75 18
3 270 268
3 678 320
3 942 724
3 4 99
3 679 651
3 206 870
3 512 269
3 426 554
3 476 15
3 862 217
3 73 289
3 735 925
3 879 477
3 682 945
3 125 761
3 466 707
3 218 318
3 472 417
3 998 486
3 124 254
3 210 612
3 670 632
3 240 292
3 26 472
3 736 495
3 450 613
3 711 851
3 416 381
3 396 432
3 168 835
3 772 760
3 644 346
3 742 538
3 780 366
3 319 76
3 764 921
3 56 972
3 539 678
3 178 364
3 936 147
3 588 17
3 726 407
3 710 801
3 386 114
3 386 257
3 128 385
3 433 613
3 225 180
3 201 880
3 61 520
3 120 338
3 265 773
3 710 713
3 430 904
3 48 46
3 46 68
3 616 970
3 982 414
3 893 553
3 282 448
3 768 482
3 522 30
3 130 754
3 477 447
3 984 207
3 836 773
3 749 559
3 423 606
3 620 15
3 241 424
3 715 293
3 649 715
3 924 31
3 340 763
3 816 88
3 843 1
3 811 850
3 224 610
3 43 918
3 660 854
3 883 89
3 267 505
3 495 801
3 497 842
3 103 441
3 725 369
3 354 309
3 73 162
3 336 629
3 143 212
3 237 563
3 484 326
3 729 535
3 767 978
3 935 848
3 489 722
3 951 769
3 356 238
3 52 332
3 456 29
3 656 385
3 10 736
3 776 314
3 11 442
3 724 114
3 870 905
3 420 402
3 675 687
3 943 681
3 392 318
3 338 190
3 873 473
3 737 826
3 298 703
3 27 46
3 443 591
3 120 46
3 845 386
3 753 95
3 744 459
3 136 292
3 318 546
3 97 459
3 408 830
3 229 618
3 155 982
3 952 245
3 335 516
3 495 946
3 364 196
3 35 198
3 264 842
3 470 106
3 136 412
3 689 729
3 949 537
3 324 391
3 233 612
3 197 540
3 238 217
3 833 509
3 623 626
3 638 718
3 664 982
3 442 51
3 390 122
3 55 149
3 721 21
3 435 85
3 862 288
3 73 111
3 860 717
3 751 21
3 826 496
3 140 130
3 342 748
3 80 502
3 972 210
3 818 242
3 588 834
3 232 889
3 544 675
3 222 579
3 788 625
3 456 723
3 30 957
3 613 657
3 881 124
3 805 365
3 14 935
3 925 477
3 648 64
3 788 963
3 641 275
3 969 240
3 960 148
3 691 43
3 979 674
3 212 355
3 290 563
3 477 277
3 429 557
3 473 962
3 149 189
3 63 921
3 457 159
3 897 545
3 129 702
3 958 564
3 188 728
3 671 870
3 909 882
3 660 781
3 952 423
3 734 518
3 256 905
3 113 587
3 910 864
3 332 790
3 562 551
3 539 9
3 514 142
3 937 762
3 88 979
3 608 592
3 73 805
3 105 639
3 732 98
3 193 831
3 763 158
3 373 312
3 731 814
3 786 120
3 305 80
3 399 176
3 170 452
3 72 912
3 935 514
3 2 689
3 391 67
3 15 137
3 138 90
3 580 616
3 783 531
3 540 392
3 705 256
3 783 884
3 470 63
3 493 432
3 2 432
3 447 224
3 830 795
3 373 712
3 728 305
3 828 193
3 747 453
3 814 999
3 93 429
3 566 972
3 993 919
3 934 88
3 21 939
3 366 294
3 455 308
3 802 171
3 540 950
3 385 849
3 169 450
3 100 699
3 210 692
3 435 299
3 338 414
3 747 688
3 783 422
3 314 58
3 799 803
3 106 310
3 844 469
3 384 900
3 604 650
3 375 121
3 985 614
3 455 591
3 85 849
3 885 902
3 300 205
3 843 565
3 67 237
3 750 140
3 327 252
3 346 144
3 1 981
3 329 693
3 346 493
3 351 74
3 316 836
3 87 287
3 662 196
3 258 203
3 657 642
3 689 382
3 2 411
3 626 590
3 527 927
3 209 383
3 475 787
3 232 909
3 356 147
3 711 690
3 254 23
3 527 874
3 539 41
3 429 444
3 816 459
3 5 235
3 978 997
3 149 74
3 557 495
3 207 476
3 689 569
3 633 64
3 129 735
3 900 423
3 48 122
3 342 111
3 358 306
3 137 648
3 672 12
3 294 208
3 922 457
3 481 903
3 764 715
3 812 10
3 657 609
3 729 197
3 752 31
3 610 812
3 419 697
3 8 296
3 685 894
3 683 514
3 890 472
3 538 499
3 685 639
3 844 518
3 143 440
3 292 157
3 410 923
3 276 125
3 527 438
3 799 523
3 991 683
3 49 244
3 108 270
3 827 343
3 269 718
3 733 32
3 886 849
3 632 29
3 950 374
3 862 716
3 562 559
3 783 149
3 809 117
3 21 288
3 177 152
3 929 801
3 761 567
3 445 433
3 393 11
3 430 263
3 310 168
3 523 159
3 680 571
3 824 581
3 884 484
3 852 981
3 338 468
3 702 887
3 113 150
3 960 443
3 571 818
3 758 762
3 378 671
3 267 448
3 358 905
3 740 910
3 191 508
3 124 497
3 206 749
3 195 932
3 752 611
3 307 969
3 74 635
3 972 593
3 860 920
3 846 70
3 114 9
3 597 284
3 884 428
3 716 119
3 846 75
3 527 13
3 550 143
3 432 29
3 490 509
3 700 427
3 436 719
3 476 990
3 604 938
3 288 205
3 457 107
3 203 910
3 188 846
3 799 187
3 919 187
3 71 155
3 109 1
3 719 55
3 921 405
3 283 418
3 547 384
3 803 914
3 46 242
