10000
700003263
800002175
9915
300006477
200000180
900007817
300007945
500008817
600009981
500002850
500003985
100009515
6927
900005349
900006347
500008163
800004080
300009433
900006516
200003929
600003200
500008015
300002029
200005162
800003174
300009612
900001639
1623
200009418
500004155
500007743
7447
300000259
200006605
900001550
900001466
200009314
900007084
500007263
800003391
100008718
800008950
1081
200001490
700001410
6092
300003032
300002773
2547
400005016
2758
100004259
800006781
600004916
100006032
400000914
100002264
900008361
600004734
500000117
800001515
4751
800003041
800006360
400003965
200001749
200006685
500000068
100008414
700000171
500006941
500001008
200000411
800001124
900007097
2604
300006922
800005845
500005393
400008307
900004265
400002475
800003005
4367
400007038
8016
2614
900001635
500000938
100006984
300002421
900009164
200002918
300005573
400006998
200007604
200004239
600003152
600009665
700008679
700006562
800009967
200005247
800004918
700005768
900001804
900008183
4900
400001047
900003151
600009144
300008211
3598
400007951
200002757
200008828
100000660
400003680
100003788
400009279
200001759
900001033
200003564
900000802
500003412
900008671
700007535
800006024
700004126
7927
400004107
600001816
400005113
400001748
900005284
400003962
300009560
700001772
600003958
600009736
100003506
200001568
300003261
200006478
200006557
100007059
1892
500001657
8230
800004499
700000059
100001721
200003144
600008111
900009141
800003104
100003217
100004790
500003513
200003229
100000419
900007193
100006276
100007321
15
900006174
7905
200004252
600009799
6030
100009885
200009605
400009089
300006558
900004740
400004386
300000451
200000542
900007298
400004468
500006786
500005620
200007861
100002011
300007638
500004623
500002575
100002880
1765
200008169
100007670
700003947
200002430
200002815
600004477
600005699
900008445
200004705
300002531
2566
900008084
800002350
258
3476
200004507
800005917
600005086
100009567
400002165
700005250
700004785
700004914
700004891
800007865
100007513
2553
500005080
700009304
100008441
100000284
500006682
6052
200006440
200005495
100001474
600008883
300005218
700004745
900008084
800002862
200008008
300006311
800005292
300004632
400008513
300009037
700004242
400006264
200008631
500002300
300008328
800008043
1185
7579
1214
600002083
700008617
200005697
300005684
200005199
200006574
400006101
600007454
100004063
800007302
100004719
500003200
100000055
5914
800006533
100003682
121
400000618
100001238
700009331
100006204
400001000
800009137
500005332
200008309
100000804
200009806
400001714
200006296
800008453
400002526
100001588
200009612
700000492
700008850
300000619
700006182
700009935
1842
400006408
300007850
900005359
500000092
400005538
400005284
2748
700004895
200003023
200005547
400006190
300008749
800000288
900003852
600009261
800005830
700006632
400007948
700000927
400003542
700008731
100000947
900005219
100006500
900005829
600005478
500009363
700009294
500002373
400009450
900003456
800009815
9265
100007780
800000332
300008477
300006025
300001291
900000099
700007118
800007473
900005033
900004832
600004503
400009830
800007919
100004014
3062
2488
200005476
200007407
600008132
400003964
800004008
2451
900007440
3805
300006863
100009079
300002907
285
500005812
500006185
400009500
3348
900005074
100004671
5941
400005558
600002430
900001387
700002047
100009351
100006193
800001829
800008871
600003651
300000244
776
100001035
300000300
300006008
100001855
500008520
400006573
900007477
8557
900007461
300006124
700006819
600009645
400000819
100006020
600007595
500000293
100007509
200001661
100001263
900009632
300008916
500003688
200002504
600003771
200000443
7804
900002747
500009218
400005281
800008378
3235
900006853
700009310
600002581
400006085
300008948
600004837
300000551
300000861
900003125
3959
100007730
300005229
100009916
300001923
800001984
700009439
900007006
100003066
100008345
6325
100004085
4399
200005942
500009187
500005352
700009941
100000687
600008090
700008011
900002435
300005115
500005162
700006441
600007004
600007693
300001401
7972
600009201
700001127
200004750
500003250
300003346
100007273
9132
500006340
900007170
800004951
400007299
900001252
300009067
800009212
800002270
700004980
300003757
200005309
200007979
800009098
800003528
300002911
800006949
2357
200008915
600007523
600006460
800006687
500005166
500002313
300001685
500006686
600002946
600003245
500005619
600002869
400005193
100009067
1278
400002148
700009984
400001435
8179
100004667
500002463
200006505
900006709
4640
5575
400001143
800009844
800007104
800004368
600008920
8742
200001457
700006653
9285
600002082
100002216
600009725
2437
900004124
300005380
500009901
6970
300006244
400001715
4904
600005000
900002805
100007585
300004780
200002842
100002195
500006611
600008378
3051
300009239
200005204
900006091
500005407
100001976
100009745
700003246
600006238
400009139
4672
4299
700001170
900000004
800008379
600009784
600002187
600004324
700008183
300002263
900005098
100002912
400009057
600007776
600004424
500000662
600007742
400007866
7756
400005882
900002955
800008669
600003119
300001201
100000392
900003700
700002976
500000743
700007421
400007454
900009485
300006275
800009501
800009911
700009936
100000420
300008518
200004842
900000727
500003534
600007645
700004263
400000760
700003073
300004483
500006189
900002350
200000946
200009074
800004297
400005281
700000094
100001435
4845
300009693
300008696
100000383
100000492
700004149
200008935
700001330
400006249
8147
100005445
5921
200009796
100008493
800006473
900002072
700005297
4692
800004549
100001949
300001242
800005320
100001983
400002872
200004371
900000107
900006296
400006897
400000330
400003017
600007091
2148
900000256
700001375
700004012
100002075
200001168
800009191
55
100005093
700002756
400006723
2098
9114
4729
800006346
600008061
900004596
900009998
200005786
100001795
400005471
6327
900004627
300009757
300002159
500002747
700005376
100005649
900006222
600002372
9215
400003431
100003163
200007178
100004268
100007887
400007617
600007775
100000448
900001451
500001210
700002184
400009851
4785
500004239
4286
900003727
300001385
900000034
800002887
400002095
600005277
400006527
1589
200001269
500003517
900004674
500008180
200007748
300007852
800009667
600002280
4195
300003935
300009373
100009316
700004543
200000113
5315
300000717
1979
200009181
500002716
500001347
4703
500009134
7294
900000740
300000502
200002856
100001452
100003779
900004182
700002396
600000748
100005081
500004065
300002835
300009528
900001255
600004210
900008355
8016
400007362
3978
500004751
100008629
800000054
500008588
700009031
600002630
200001845
100000295
900006715
400008036
4542
100006653
200000666
900005762
500007431
800000234
400004146
500004450
800004846
300005564
300002307
700004200
400000563
9392
100006232
700007382
200007810
100008126
300009532
500005274
800006378
400003891
300005112
400000466
700004274
900000166
300001184
900008676
4146
300006786
700008712
3194
800005359
7567
700009487
100009490
2600
6990
1732
1326
800004775
200002352
1333
200008469
900007044
500000808
600009287
100002121
600009480
600001764
500009671
900004732
800009055
400001485
500000012
8074
700007322
700001835
500009671
800004548
300000181
400004509
700000295
1394
600001792
800001409
800003848
700003072
100008221
6941
400002084
300002712
4076
100006451
700000459
600007480
4437
400007244
200003595
500007114
100001125
300002240
200009062
200003800
400008435
600009585
600006065
100007991
8619
800004263
400008462
800006239
800006148
200007751
600009816
400001122
700001974
5758
700007220
100002436
700005295
400000526
500009947
600000187
200007996
600000956
500009745
200005369
400006402
500003636
700006113
800004516
400004874
500003837
900002135
900005190
800001186
600009881
800007988
500009007
700009039
400006249
400000013
400001464
200001464
600002580
600000170
400001294
700007485
700003799
5128
300007326
600000174
800000079
800004519
400009592
500009191
900007183
200009644
700002924
300004731
900001298
800007284
700008188
100001160
100006328
300004523
1647
500006796
800004260
7538
100000309
500004273
800001150
160
500000497
600006908
300008535
700006596
575
400006142
400005490
900003959
200006160
600009159
200003684
100000012
100003566
100007568
700003624
200003057
7622
600009779
800005163
4216
400005579
600001356
100004544
700003599
8396
7587
700007444
200002662
600005061
600006528
100008772
800002331
900007883
700001176
6906
100006757
500001178
800003959
300005969
2817
100002118
400007366
100008998
400004981
400009134
600005366
900002948
800007905
200001574
400002653
4274
300001896
500001988
500002785
500004970
300004459
400005677
400008816
900004808
6251
100006752
8842
500009431
200006582
500002343
600004141
800003194
900004333
200000787
400006422
900002463
900009349
600001839
100007311
600004968
700003873
500002669
900004816
300007952
700006575
300000220
500008046
200007864
500004629
200001288
200007290
600005408
400009259
6188
400008072
800007549
700006648
800003096
900005729
200008294
100002102
400002836
600006006
6055
900005781
600003286
600001071
100002922
100007419
900006192
800008788
300006042
200006374
300006725
500005409
500000320
400002593
200002173
9268
1328
100006884
100004345
500006429
700003056
200008508
600002155
200009262
800003830
800008633
700005020
700005667
600008337
700004743
500005627
100007602
700007906
200005012
800004541
700000504
900006730
900005960
200006587
600005468
800005865
200007715
400000712
300001435
100003522
700006497
800001245
900003198
300002583
400002999
700000289
900009714
700007226
800003768
100002277
500005451
100008336
493
100009717
200004849
900000763
700002591
2509
200007775
800002157
200005445
500004897
7097
400008986
100002799
700003347
900004791
100002679
6934
300001825
2666
700006622
5986
600000028
800004552
8130
200009531
100005777
800001798
700007839
800004364
400007038
200005533
500000143
700002517
300006251
500003592
100002543
500000850
300007766
100005865
900007105
500008661
300005964
400006360
300009384
900003302
500001006
700007911
900004634
600002761
200008275
400005480
851
300004029
600005202
600002653
100007670
600003168
500000435
7657
900009011
200004721
900007407
500004219
500002991
800000819
800007382
800005850
100000730
800007562
700002094
500003161
100002943
400003901
100006296
600001303
600006508
100005775
4768
400001492
600002818
200004289
400003294
100006435
500005728
9429
300005364
400000772
500001959
600007570
300009999
800000248
800001764
800004101
700004009
997
7831
600008465
200009911
800001496
200008842
9345
3822
400009173
5571
1033
400004579
900004239
2233
300009847
600008448
800001185
600007131
600002080
4697
600002984
900009613
800001391
1103
3498
500003599
600005649
200009425
600009196
100002222
500009129
900004016
100006135
700000194
300005430
400006331
600002878
800005875
500006235
480
800003400
500006420
800009734
900008463
500001095
700005728
700004507
100000331
800006103
400006027
800001098
400007402
700000218
300005309
700004508
500005042
500007872
600007541
800006675
800004904
300007357
400007198
300004200
800004995
900004826
2764
900002631
300002760
500004474
100008920
400000056
700003075
400006800
100003440
100001147
7251
900007173
900003394
900001508
500003105
600006367
900001815
200003211
400009860
900008325
800001021
6611
300005614
400006166
100001244
800001873
300003717
600005261
700007206
800004180
200003292
800005491
200000939
800007896
100007875
100001257
3686
900005592
100000682
300009157
700007880
900009023
400001327
600007717
700000987
400006933
300003676
300006362
7347
800007994
700002125
300001784
400000138
800004814
500001297
800000316
700000162
900008050
700002770
100002919
400004628
400003064
300009419
600002333
300000371
900006162
800004675
800004965
800000461
600008652
600009014
900007707
300003072
500002097
800004549
300001067
800007636
800000507
700002043
500006460
600007222
4022
800005440
600002842
900001658
400003170
400007061
600002304
600005267
100009461
200006229
800001032
300004490
900007161
900007963
900002527
800004607
7610
500006130
600001818
576
300004372
600008732
400009373
500000764
600009675
1753
600006455
100004523
100004194
500000804
700002918
100001370
800000215
3205
200000246
200005431
100008488
100007271
900008390
100007539
400004989
100003423
700000065
800007169
500004321
500000003
300004398
200000768
100003457
6061
600005426
400002622
700006169
400006387
500005630
400002888
300001593
800003170
800006581
900001341
900005218
500006539
900007033
4358
600009505
300008702
800006402
300006753
800007258
300000763
100009626
400005624
800004041
100006444
900005449
300002672
300007116
800006278
400008707
400004530
600006018
900009266
700002215
200001080
200006316
700006382
200001736
852
8700
800005535
800003373
800009997
600000674
233
700002864
500004743
800005940
200007372
800002607
700008044
300005439
600008406
200005577
200004453
200006181
200007481
900001882
9813
200006212
400003429
3858
500005518
900004458
200002759
500007564
900002502
800002285
300002804
4997
7960
300009903
800008871
100006084
300004925
200009133
900004334
100003790
800000528
400008173
300008204
900000704
400005647
500006144
100001127
500001385
600002890
200007149
500001205
900000900
600001185
500003597
800006228
600007626
800008646
700005671
900006750
200008899
300005353
200006737
500006449
1001
9128
100000163
400009630
800007974
1540
400007245
2489
100000615
600008372
400003357
700007771
300009184
300000227
400006714
600009381
700007431
600002309
800009305
600004012
100002352
2635
200006238
500008961
300008236
600000030
800008620
600007826
900008259
700005712
700005978
500007525
200000980
100000408
300002256
600008373
800004774
500002693
100004673
400004218
500004982
500006646
400008223
3122
900001799
500001082
100003821
700001966
500007572
100005508
400009592
100000492
900002940
400004701
500006258
1467
700004845
800000223
200002577
400004915
500004832
500001616
100009263
500001196
200009401
200008788
300005746
800008588
700005142
400000860
100006362
800003874
100005436
400005945
100002261
300000951
200009199
100007082
800009928
500004638
900005452
900002334
800009279
500000542
200006501
2285
300007052
200007243
200005845
600006348
700005805
300004999
600007246
900004360
100001819
800005381
1254
500006208
500009591
900009791
100005506
300008536
400001449
802
800008151
500000771
100009336
400008574
5602
600002656
900002252
200009955
400008634
300002169
100008970
3856
800009391
100006609
600008685
400004769
1958
900008953
500004326
900002452
900001850
900007719
500001509
300001742
900001075
100002195
900006171
300003076
500006081
200006327
500000502
800008948
600008172
100003525
2355
900007858
800004276
600000862
900001978
200001479
200001359
100003336
900006636
4105
600007406
600007519
6177
800003137
300007099
500002132
700005452
200001392
600004713
700004170
100007349
600005328
100006372
700008770
700004027
800008739
600002880
5003
700003778
400007713
200005811
900006694
600001708
400002709
100002428
300000903
800003578
400000912
100001369
600001164
600006992
200006190
100001242
200001255
500007523
800005091
200003161
4659
900008858
700006360
800000189
600000826
500006211
100005178
600002718
100009589
900008177
500003801
400004736
886
600008742
500008199
400007173
100007377
900001340
200005768
200006156
400005705
200004204
200003969
200009661
800008907
300006215
600006230
7202
9498
600001211
600007859
500005869
100002016
900009612
700000215
400003981
200006394
700007745
900000983
700005170
800006703
700006421
300007522
400009292
200001413
400002418
900008559
700008170
200007352
800005395
300009548
300000019
200009583
700006821
300007345
600003572
6574
7666
800000214
600007719
900006202
500001161
300007334
5150
400003836
300001253
200003525
9489
200006847
900003459
600000058
400008706
8977
400001912
500005539
800007283
600002668
200000634
300006216
800003639
900004501
700001371
200008211
700003863
400006487
9603
500004671
600000714
500009084
400003695
300001188
300001225
700008210
500005226
300003246
400005920
500000361
200000538
600005855
600002746
700005033
300005364
400000177
6622
100004932
700001888
600007547
300006881
9506
900008309
800000733
600009011
700001024
6872
300006115
400001425
600006953
8828
100004633
100001036
100005301
700001654
600005271
100009749
8846
500005419
400007551
700006579
800008345
200000442
700004808
800000614
400007043
900009613
600000391
700006172
400008512
800008556
3171
200009626
600000944
800004949
400009546
500009983
800005111
900003306
200005399
900001047
300009050
300003229
500005467
800003991
300005362
500004229
700003286
200007245
800001583
9504
900004530
300008199
600008766
700008155
500009621
700000364
800005359
4450
600006109
500007272
1675
200003045
600005364
200006335
800008891
300004757
6657
300003623
400002599
400006260
400008749
900006644
300006507
4272
600005213
200005203
900008590
700004532
200003706
900007808
800009132
700004620
400006189
400005217
500003721
300005531
900006070
500001596
500001463
200006184
200004029
100000259
200000013
300009595
3464
300000528
700009482
100002095
700008490
300004578
600007997
400008001
500000917
600002684
300007583
700009789
500002594
701
100009913
600008952
900004226
800001312
500008410
500001979
200004451
600001004
500005959
500004950
9737
300006850
800004179
700007271
700008490
900005854
7479
100001764
6888
335
900006927
500002363
8301
900009866
200007239
300008124
600004873
400001118
800003794
6266
900000581
3758
700001523
500002336
300009957
7599
300002823
800001267
600004263
600000066
700006193
300009654
100009568
600001219
800000987
300001010
100004074
100009655
100001567
900002942
700001893
900007398
800007972
400006034
200007347
700002866
900001065
9865
300005884
400004246
100006318
300007126
200004645
900005082
400002320
700002956
700005611
200006097
200000037
300004351
700004565
500002281
300000505
100000637
500009734
500000683
900005930
800001880
300001997
700007299
800003249
900002730
400003213
300006328
900009216
500005263
900004188
700004180
900009527
900003967
700003364
300005982
500001675
600008807
600007157
600005889
100001115
500002265
100004586
600008286
500007626
100009726
600004425
600006711
100000503
300003442
500002500
800008212
600007109
400007405
400008061
600001375
4149
600008835
400005698
300004982
400000905
500000468
700006889
600000156
200000305
200002063
700008814
464
400001839
200009778
600007446
500006280
900003512
200002801
700007730
900001731
200002139
200004162
900003962
100006053
800002583
600002162
400001243
100001851
4074
200004136
800009581
400001993
900002253
800001393
300003766
1614
200002826
500007588
700007115
300003899
400000645
800004583
200007497
800008636
600003399
500003709
500001792
500007856
6911
500002766
900005628
600000969
100003688
100001292
800002858
100003217
500003903
800003639
4720
500003216
200001507
700002890
900006280
800006067
300009506
100006239
900006248
100007508
800001676
100005168
500006983
800007164
800000583
700001906
600003683
800002973
1805
100009128
900007166
700008866
100009105
400006121
800003163
600006812
8527
1200
900007082
7202
200004978
100003255
400006774
7430
100006418
1123
500009359
100005857
800008804
500009281
100008755
900000418
300006213
200000734
100007156
500009827
200005468
800001789
700009570
300006651
200008243
800004937
200000599
400007322
900007972
500003627
2091
300000833
200006207
700001274
900008272
100009095
200004597
300009813
200009096
500008910
800000433
500000310
300005750
400007269
200008416
600002737
600004469
300009027
100009699
600008791
200005200
500000718
800001345
100001672
800000930
800004285
300001923
900006008
700007090
100007783
9431
700008534
800000017
800006102
300003890
600009795
600004166
100000539
800006709
100001747
600008003
500000984
800001463
900006589
900000400
100000266
600007315
800002225
700000233
900007212
700005740
700009945
5112
600007565
300009458
400001938
800005015
700006780
100002508
600000361
300005057
800000162
100001601
700007829
900003671
900006981
300008560
400004270
500003189
600005615
600005552
400006728
300000928
6154
700003931
200004577
800008567
400008739
500005469
500007754
800000912
200006469
400006905
600009158
400009215
800002633
600002185
400000874
400005236
600008261
800005570
800007327
600003154
800007882
700000692
500002866
400009495
200005097
600002166
600001419
200003782
376
200004313
200004301
800007312
600004912
600006354
200007071
500004539
300004667
300001675
800008848
900001094
800002572
500003021
300007334
700009033
500003825
400004827
600002194
100006874
800000117
900004335
800009046
300006910
400005501
800002062
100006489
800009758
300001795
300001856
100009281
200000826
700003405
78
600004465
900004986
600006907
100002692
900002917
300002126
900005113
100006487
400009502
600000279
200006166
700007622
900008303
900004724
700000835
800002356
900001688
600004464
400009776
500000052
600008340
700000377
600002062
100007381
1853
900008873
600000614
500005477
200000503
900003265
300003988
800000853
600006655
700009917
300001458
500007821
100003981
200000774
1486
200007468
400004821
4146
100002308
300006577
700004819
400002734
900008378
400007579
900007581
200004028
300002964
600005692
800009061
400001654
100006453
700004706
600005447
500000177
548
400002898
600008600
100001013
500005081
900000106
700003793
100004487
700000497
200004641
917
2188
100000737
900008341
800002894
500008301
4674
900009780
900005325
9293
800004833
100005523
7983
400008036
600000376
800003201
800005904
700003582
500003284
200005486
400005361
700005833
400004401
300001360
900005424
600005803
100000035
3902
100001467
300005047
400002844
500007987
400001065
400005088
100006986
300005376
400004836
300009669
600008627
500005703
200002107
300005295
600005566
800009679
600003372
900004036
300009727
400004266
800004409
600009366
400005416
300001942
700003739
200000222
900005326
653
300000346
200006010
400009700
400003881
600004064
200002753
600004758
700004302
800008305
100008932
400007708
900006355
700002439
9964
200004091
300009905
900009197
100003222
8434
500008274
500000402
900006526
800000740
400009176
500005685
1810
200003126
300009498
200008124
400002148
500001940
600006923
5881
600004912
200009824
300008776
300006515
800003425
100004474
500008653
800005421
200002594
600004497
600000336
900004728
800006304
300005389
7644
400000424
500002863
300009222
700003401
100004293
800000669
100006189
100009194
300000507
400004385
400002633
200008327
723
4708
400003920
900003888
500009699
500007005
200000032
500009033
100009838
100008452
500001015
700004427
300007562
700006681
200003189
400005929
400007705
500006316
6950
900005898
600005668
900000452
100004431
800001792
600007268
500002281
100003779
900008802
7210
300009254
3264
900006837
300005212
700007769
500000582
4081
200001947
300003238
100006986
2803
700002752
600001233
4789
100009536
800007734
500005401
200003253
400007449
400003929
800003884
6718
800000136
300002271
100007390
700007494
600002496
500006096
700003495
100002852
800005289
8283
7060
100008864
800002489
300003783
3330
300005907
500008799
6179
400008727
800007972
800004370
5905
900004109
100005354
3877
800000359
800008295
400006757
500001351
700002802
300000096
400008737
4038
500008147
300007293
200007676
900008070
900008812
300002376
600004115
100000232
9888
200005135
800002638
300002805
3453
100008304
500004212
300006576
900006888
2012
100009532
900005625
7506
400004141
200004150
800007188
300004509
800007904
500005352
300008550
2483
400005355
500000479
200008384
593
800002246
500005814
400000872
400005542
900005709
900000373
700005035
485
800005467
100008973
8906
700000008
200002333
700007671
3880
100006304
800003156
2317
3562
200000077
300005025
400007359
300003551
100002978
100008567
500002801
100003325
800005478
9276
700000423
500001316
400008769
500007403
600004540
9204
200007292
700000791
200003770
600003045
7336
200002143
200008449
348
800005540
200001492
400008272
500005257
300009408
500009361
500000922
700002191
300008487
400001734
100004777
800000306
300007363
700005337
200008896
400007311
700009175
600008712
400004766
400005996
500005008
200005930
300004737
300008682
800002620
500006362
6311
300005415
230
200008698
900004464
900005654
700004593
400003818
300009550
100006868
1418
300003465
400001344
500003185
800000192
700006553
600008520
300008457
800009097
900003542
400005153
400000701
800007183
4588
400006748
400003962
7571
700007923
100008099
100006793
100001762
600008684
800006954
400002139
800006758
100008473
300002870
400003913
200009593
100001598
200007901
100004390
500002163
500000707
200002955
900009090
300001955
600005082
600001735
700006404
300009584
300009796
300008773
500004127
9279
700006802
600009751
500002918
500005368
100007846
700006568
400000917
200008723
500003857
2990
600003413
500008190
400004880
700003138
300008364
900008262
800000688
900001922
900007708
100008069
300005380
700005765
400002701
400000088
100006505
200007580
100003853
900009352
100004637
6303
600002352
400001368
100001374
900006800
400008822
100007810
600008163
700006699
500004322
400001985
2000
300005329
700008924
500006191
200008528
6847
5336
700005088
7633
300003260
5005
200000458
700002927
200004248
300009882
300009533
700002919
500005463
391
900000948
8437
700004692
800009764
500008539
700000272
900007358
400007861
300008337
600001922
900002037
500006823
600007266
400001346
8333
700009693
900006588
300008481
600008404
800007776
300001316
900008565
900004169
600009685
400005209
600000111
900009673
400003029
8046
900007945
800007313
800009088
700003581
800007483
900002924
900005484
700001405
100003628
900005786
500008832
200000301
400007258
400001235
100000184
400002254
500000122
900009076
200002407
400008427
300005092
600003938
100000791
300003620
100004881
100002099
100001146
100005887
800001267
800006819
800003587
700002141
500009020
800001759
300001481
700001870
3081
700003116
700000779
500008788
700009956
500008584
100004666
500009135
500008827
900004534
100008315
700007885
700005883
300006566
400007113
700007774
200003822
200005969
400004935
8276
900005283
800002046
600003272
400004280
800006108
900004085
900006333
700002376
700007461
300005385
300004350
700004167
400000427
100002788
100008627
600005140
100001385
900000460
938
100005554
300000926
500002032
900009398
8441
800000437
200002065
600002756
100003538
900005669
300009658
300000965
700005510
900001390
800008622
300002613
500001771
200000091
500006775
100009749
500008577
100009776
300004607
400005403
600004118
300007515
200009967
800000404
300005711
200002111
300002475
100002768
600002900
200001785
500008611
100008962
300008327
700005201
500008341
300001315
4861
3558
300004660
7741
400008218
300000840
100007177
800002289
700008995
200007939
400005764
600007854
800005038
500004913
900002560
219
100001180
300002451
9871
6704
100001534
900002152
500004873
100009768
600006720
200009063
400006037
900009128
100001514
600005103
700003658
100000974
800004221
500000393
700000996
900002390
200005549
800005444
700004782
500009909
100006884
600006905
800007722
600000799
400002781
800000037
900001882
700002318
500008377
800003483
600001445
200008721
100003358
8111
500003432
800009015
600000047
500009280
200001433
900008275
500003491
800000653
300005083
400000129
300004205
500000690
500000822
500006726
700001286
400002545
800005727
400005055
300001462
600009383
900004764
900006863
8537
500006439
400003671
500008541
300001003
400005132
400003747
100008289
600005563
100000437
100002696
700006128
6991
500008955
500008623
200007455
500009861
800005839
400009480
500002286
800006161
400000241
200002086
200006391
500006305
300002577
200003938
300006063
600002858
900000163
100008554
500000730
700006029
300001639
500004054
200008185
200006055
900001202
300002274
4327
800002329
700001189
300004056
100008131
800006727
500009564
614
500007553
700006504
200006256
400007499
800006351
300005787
500006570
100003321
3485
700004291
939
200000748
900007439
800008612
700006426
600003101
900007272
800000150
300002512
2771
500002052
500000141
600006199
100005470
500004559
100005651
200006096
500009029
500000373
600009300
600005345
100001433
900008146
700001259
600001678
600002667
400009054
600007595
800009547
100002169
200005188
600002382
900000220
100008788
700005974
200005024
600006872
300007924
900001867
900005371
900006896
100003862
700003264
300009750
800003376
300009757
900000514
8295
600004181
500006705
800009423
600008454
900002835
100002775
500008331
500004930
500005757
1123
700000911
200004536
200003034
100007384
200006296
700001931
700009366
300005591
900006509
300006777
200005383
400008171
8231
200002457
300002407
100002876
600001708
800005936
400007752
200005698
600008698
400009109
700009905
8570
700005881
700005165
600002440
7149
500001485
500006474
800001316
400006390
1278
100004234
700008028
700000490
600004500
600006721
900008338
600003410
800006902
400003545
600008755
800005341
500001728
700006210
700007574
200002306
500005050
500007465
900003151
800002159
900007499
300003666
1041
7372
300008414
700000043
100001227
500002206
800001186
100007371
300007828
700009031
400002097
300008676
300000445
100000218
657
100001135
600006379
800002969
900003248
300008116
800008134
100007862
300001716
200000902
300009906
400001891
100000471
900004991
400004641
500008567
600001755
900002714
600005687
6861
6863
600009214
500002406
900008715
100006768
6638
500006892
100006470
800000488
700002078
9426
400003348
300006817
500000053
600008489
300007694
900003224
700008830
900008217
800008939
200006510
200003669
700000807
900001295
700006168
400008941
800001626
100004832
900000300
400005690
3759
600008117
300006482
1532
500003697
900008375
500001437
700006788
300004145
300004437
700003669
700009876
700003424
200007563
600000361
200002273
500003887
500006362
300003752
8290
100008365
100002361
100007209
3296
300005950
400006167
200005567
500007312
200002420
7706
300008955
800007168
800007914
4909
5821
400008104
200005551
300000885
100002854
3202
400007820
200005089
8209
200008827
600002085
300000218
900005323
100001029
100002762
600000936
100004583
200002323
500007918
200007888
700007276
500007295
1116
500008592
900008401
9784
800000839
300006146
500005656
400002511
500006438
100004763
900008432
700003581
200004005
500003793
600003510
100009763
200007246
300006557
800002728
900009634
300005856
200007898
200008185
800002480
8343
200006916
900005241
200001143
800009871
400006567
100006807
400001947
200006166
300004571
700009084
700001326
800009189
500009014
300009516
700001155
900004907
900003727
800006540
200001849
900002584
100009430
500008878
900005931
100004013
600005994
500005162
6914
100000006
800002112
100005363
700006838
800004873
300004167
400008997
300008849
7910
500005020
900009707
3165
700005957
600006260
600004924
600005895
500000069
500008309
400009447
900003245
800009466
500007624
1565
600003117
800002817
1211
500006948
200000911
400003316
300005679
600003051
600005282
500001035
500001662
200006321
100002224
100005372
900004178
600007312
500007630
800009857
100003703
900002980
600005614
700009193
200000004
800006719
300007398
800003154
500000571
300008728
200003549
500006729
100009400
4917
300009894
100006429
300007161
100003725
200006267
400000875
900009613
200005281
500000940
200000223
500008327
500004277
500004775
800006900
1700
600005691
900007584
600002474
700007044
700001651
800007733
900001427
200002200
900004992
800007778
500004514
200009230
300001067
600000082
800007889
100003352
700009620
3001
100007656
700002297
800004329
700003890
800009111
800001874
800006541
700000325
300008098
800009172
900000198
400005372
3968
400003725
100003492
400003138
600006321
7980
800008837
400007921
900008762
600001183
500005175
400004473
100001518
500001330
300004623
200001687
2050
800005605
500008058
300006373
700008115
100006027
200004444
800009663
400002665
400002369
400000539
900004308
900001120
700007954
100000416
400002700
600006368
500006553
900003862
100004480
100007717
500008092
1361
800001476
100005947
800001396
700009501
100001019
300000319
500000881
100004117
100001458
600007875
200009311
800001347
700002317
400000404
900001807
100000857
700004666
600000514
200003989
200002932
5033
500004520
600009535
800000549
300005437
300001682
800004633
800004012
300008368
600009847
500003240
4756
300003549
200001106
300008582
600000997
100000914
400007500
8913
300000470
800000114
100006414
900001571
100002265
100005446
200006050
600003631
800002610
100007326
100008830
500008186
100004838
100000930
300003571
200004705
500007038
2730
600004792
9677
500004376
500007670
900004380
300008800
800004703
1222
200004277
700007552
600007633
300002404
600009004
300001992
200004520
900003746
900009390
300005603
4838
635
3384
600008900
900004852
4575
300001304
100008625
300001879
800002296
7195
800008887
400008092
500003624
400009406
800000842
200002231
900007786
400002311
100004378
900008702
100008448
300009615
300009132
900007958
500004188
400000183
700005569
9098
900002218
200001693
200005097
500006133
700008807
300001880
900000537
1448
100001244
300004318
500002971
200001400
900009716
400004725
300000612
500003087
600001326
7399
200006829
600001588
500001915
2676
200002938
400007578
8844
600003264
900006047
400008681
800005472
200004527
900004496
300001706
700003835
3160
3301
800002309
8237
600001999
700004438
600006137
900009269
200008315
700000327
900005370
500003820
600007410
700004771
200009901
9341
800006649
700008326
100005930
100005693
400003648
300002258
800006739
800001399
400002788
100003691
600007115
300007311
500009337
400007538
900005651
600009520
700008916
300001756
700009164
500003031
500004222
700008918
800007457
700006511
800000201
300007597
700009712
700009246
600004195
100008720
900004066
400006490
500000893
800002768
800004453
200006678
600008768
900005331
800003850
200006906
800002016
800007409
200003692
700007706
800006023
200006908
5051
700009910
700002989
100005506
400007816
500009484
300003278
100008180
700002841
800003985
700008448
3570
5117
3109
300001853
500005410
900002308
200000504
500004142
200000472
5800
500003902
600007966
700004141
600005832
666
100003963
400007441
700009848
400009830
200009967
100000362
900006803
600003328
700000887
700006168
100004573
400003115
400008354
600006664
300009824
100003045
300007782
600000957
200006004
900001465
100002097
700002589
900007503
400009958
700007396
300006968
5444
600001982
800008276
700008788
6320
300001914
200006650
500003134
400000584
700004293
700007151
100007964
700004351
400002794
100009714
800002690
300007996
200005911
900001549
500005878
200007859
800004444
100002934
900006411
700007830
500006112
900007892
700007162
400004981
900001453
900000892
500001997
6276
300006209
500002941
700004804
8260
900008993
700009321
200003872
400004441
500008185
200003717
600008820
200008300
900000449
300001359
700003831
900009954
100007775
100006415
200000361
700004204
300002992
500007679
900005143
100009366
300005499
500008203
800008418
700007037
300008801
500003898
200004491
900004342
100001319
600002679
400009678
800006691
100009575
300004114
400002610
900008085
900000778
700001364
600000302
700001946
700006535
200008182
600003268
900001377
700004282
700000880
8012
400000020
400003427
200003929
122
700009791
400006222
200003484
900005194
300007939
100007058
656
1502
900009257
100006761
400009215
300008851
400005250
600000857
800009507
6191
800008135
400006830
200000849
400002540
300004462
900002449
200009341
800007285
700005423
400004014
100005663
300009906
100008201
500000031
800008004
900006219
200002476
800002304
200003620
541
800004436
7219
900006007
600004916
800002802
1989
700004321
300007869
8988
500004010
400009766
100003943
900005904
300006189
100000047
900003970
800003608
600006846
200000151
5534
800004764
921
900009499
800006776
800000167
700003226
700009514
800003719
100005305
400007329
800005785
2786
900003405
500006059
900003563
900005140
900007552
500003913
800004713
400004656
300006123
200009595
700007797
5380
600007404
300005460
700000541
700006244
100000313
500003900
100003982
300008322
900007584
200009198
900001694
600004199
500000146
6289
100007529
200009225
100003970
800008324
600007596
400002597
300003687
1073
300000983
500007807
400009970
800003919
100005398
600004443
5705
800003420
800007261
700001925
100000630
300002423
700002043
100003284
400004553
400001515
3732
800002481
300007166
800002803
600005467
600003679
600004932
9688
600006030
100003669
900007002
300001736
800003562
7601
600001399
500001752
200006721
900005581
900005419
8168
500001064
900009024
900003771
500009738
100007266
900005000
500006691
400006784
200002218
100002904
200009574
700002222
600002439
300007944
400006740
400000361
400002884
500001061
200002303
600000792
400003816
100002091
300006069
200006920
600006691
700009664
500007692
700002790
500003780
800007551
400009168
400000991
200001727
500003845
100009797
500009004
200002915
300006063
500005489
1224
500006993
500006700
600007543
3329
800001350
1797
500004761
800008390
300004215
100009838
200007207
916
400006072
800007169
600000979
800007842
500004265
100000647
900000125
800008440
600009945
700003359
200001596
800001947
400008943
300001132
400007813
500007525
900006909
600001394
700005158
500005826
600007264
600009222
500003987
700009272
700007727
600009061
500006018
5552
700008174
600001813
700005655
600007401
900005023
100009012
200005431
300006640
500006636
700006804
200007944
6904
100000395
600008399
700005330
200007572
5165
900009752
200005024
100007794
200004860
600009020
800004793
300007319
900008741
900005405
700003718
600006641
300008189
500004594
700005275
3007
100009179
700002063
700004361
1220
400009267
100005149
300000168
600009593
800005290
7773
600002773
900000246
100004451
200000655
600003309
700005076
400008497
998
500000404
500007542
1831
100004988
700000251
8768
300002553
200006127
2134
500000969
100001691
2432
3362
500007187
200004396
700003033
300005193
800005119
300005059
200008028
400004440
600006985
600005617
4474
400009628
200005063
500007117
600002635
600006088
1722
200003836
200001041
600006758
200001265
500001926
400005202
900009704
400005389
400000896
2120
400008929
600008972
700004598
300007688
200001769
300008375
400004887
500008451
500001054
300007988
700008107
900006770
100003074
400006563
100009845
700005194
200008097
900008981
400002789
200000312
700004775
700003500
700003389
700001060
600008865
900003031
400005350
700000449
600006355
3844
100006553
300003384
400003631
400009504
200008109
500005529
100007086
200006676
100004151
200001740
800009731
927
400004662
800007323
900003935
800004728
700006282
500000693
300007839
400004507
100001563
900005486
500007097
9530
500000250
800000091
300009538
200000638
300001005
400007980
900006885
6480
700001674
700009118
200008824
5114
500004465
600003648
9919
500003949
700007685
7891
900004118
200008989
100000313
800005065
200005098
600007419
500007690
400002965
400007448
400008212
300002560
800001741
600000910
400002041
600003763
200005747
200007833
100006098
400008122
600007087
500007464
700003115
800003595
300009315
800000513
100003940
7221
9401
100008377
800004278
800006428
700008087
200002983
900006610
900006546
600003723
600008730
800005482
500008986
700001963
900007176
700009398
800002846
600009251
500006079
900009576
600007830
300002414
700005864
500000311
200002157
500001439
200000920
700008139
5027
300008704
700008529
800004514
300007147
700009209
500009522
600001818
800009072
100006653
900004801
4594
400004529
200003998
700001441
800004346
100003551
700005266
100005067
500004841
500008676
600009347
100006753
800000612
400000300
300009464
500003529
300006765
700003484
100008796
600004339
300001305
600004140
300008207
500008904
600000773
700006205
500008350
900006647
600005625
8011
200004294
800009502
900002330
400002937
200002884
800002362
700006488
800008403
500005137
700004772
900001408
700000093
400003101
100007463
900007265
100006952
300004654
600004816
200004998
500009892
8642
700001581
300009279
900009391
100008458
200008018
100005670
300008479
600008063
3793
800003949
100007990
200005490
7598
300005934
400001621
100003659
900006172
500006762
842
162
500003535
400000001
100000040
100002203
800004435
800004275
200000567
800009794
400009172
300008616
300004949
500005441
400009823
300007601
800005678
400000556
400009218
500007166
400006950
2082
500005186
2963
600001158
900009289
500006666
600004862
700002180
600003748
700009606
700001427
700002309
500006692
700000075
200006506
200000913
200007102
800006942
100002352
800001720
200000413
300004386
200005006
400008328
800004262
200007018
800000498
800000754
7189
500001767
500001401
900009680
300000216
900002996
800001833
900008308
800008811
400009964
800000714
600006448
500002193
700001378
200004335
700009812
472
200009283
700002359
600002368
100004168
400005498
200007366
8490
900000481
100005161
100003353
200005707
900001409
600006213
200006008
100007568
300008313
200007055
200001365
400003587
900001826
600000379
300006169
100008109
700008226
400001000
800000970
900003118
4394
2974
800000814
400005642
900000553
9394
600001468
200008374
700003823
5188
300004454
100001300
2671
900002178
100006165
700006222
400006219
400005345
800008652
400004616
300009821
800001989
49
600007876
800008283
800005306
300006662
600007334
700003758
400001570
700007264
400005470
700000291
2441
900007877
700006800
200002354
500008302
900000570
100007870
800000496
900007560
300009836
500008435
200003481
400007640
900001689
800008854
100005830
8945
500002927
300007232
600002890
400008930
900000167
200001980
200005739
200001955
800004013
300001475
400006585
100003256
700003877
600003177
500009175
600006837
600001832
100002353
200008267
200000750
900008192
5680
200004104
1618
900008807
900009654
800004223
700008325
800000874
3882
900008621
500000387
300003255
100004469
100007233
100002346
100000096
100005743
300000313
700007424
600007371
200006794
900005530
700001280
300001000
800004675
900006744
100003903
100001619
100007611
600000305
900001630
600009578
800007500
900000435
200005698
500009435
100005627
800007647
700004103
500000937
200008591
2193
200008927
200006431
300009712
600002141
600001101
300009053
400005282
100006281
900007239
400002758
100004442
100002575
600000426
7758
300008328
700006541
200004833
9301
708
300000892
600008402
800003188
500009765
900004452
600004729
200005742
800008394
8799
800007192
600006840
300003553
400008457
200007510
500000582
500003857
400007708
100003476
1312
100001138
800005808
900000196
300009016
500000190
500002740
200000470
400003581
400003497
600000640
200009325
300004020
700009304
800008510
600000511
500007826
800009188
500008690
700005492
500008337
800008650
100007976
400000559
500008612
700006950
600003772
200002518
300006691
700000463
900007809
300007060
200007254
800000867
6712
700003197
500003582
900006683
200005808
900002552
200005645
400006083
600001818
500002510
400005405
100009179
100007556
700000937
700003242
400006046
700002091
600004953
900009387
600004049
300000728
600009625
200004954
700008616
900008035
400009651
900007600
300001359
7034
900007665
300002637
800003385
300004919
800009479
700009890
700001067
700006492
500002784
600004880
400000442
400009515
600005153
700001077
500002790
500002416
100005903
100002498
200007496
100004444
300003514
8118
100000313
500009877
400004956
900004602
200002561
700005778
4571
500004958
800004514
100007580
700008135
100002218
200006009
400008083
500005890
300000713
100005592
800006801
500007353
900000983
9368
600001345
100001069
100009733
800008110
400003251
800008181
700005140
300008653
600007902
300008973
312
900005216
900004348
500006327
200003755
700000078
800002512
300006342
700005673
800001715
900000508
600001975
400002404
6277
7840
300003128
900009738
100004581
600005718
500000268
600009403
200000456
600008647
300006231
400004896
300001634
800005286
200006977
600006031
300003887
300003182
800003228
2856
900006390
700002412
400001629
700002209
200008224
100005507
800003121
800006731
4322
200003109
400007022
300002884
5726
300006548
100003574
600008131
800009441
100001631
400000130
700008416
700009551
600009600
400009813
800003665
200002711
845
900000279
500001348
700003170
500007956
300001133
900003798
900003397
400008484
5114
7709
200003187
900008607
900003346
500001059
400008450
400001578
100003617
700009600
700007478
600008537
300008254
700009542
300002688
600004731
900006657
100008821
600005884
3857
400008901
800007443
500006338
3835
600008033
800002490
200002182
4518
300008383
800003824
300007554
200005961
100003699
300006077
300009060
100003298
200004820
400006131
200006053
2113
200009408
700005568
300006308
700005402
100005715
800006824
200002158
200005255
500005761
800001723
800006758
200006330
100009752
900008790
800006892
200003561
700001050
300002033
100005093
300003281
300005639
600005704
400009183
300002383
700008759
400005138
800001653
200006905
100004528
800000161
700007640
300004611
100005940
200005828
500008224
600003309
800007566
600005424
700003317
700002415
900003822
500006873
400007083
200009531
4361
500000931
500003916
700003781
500008256
700002461
200002771
600006784
500002758
100009783
500002017
800008603
300008816
400004437
100005140
800005133
100000354
800006485
8175
200000148
300003502
300009506
400003850
600002046
400001849
100001910
100000973
800004451
900000695
700009132
400004067
300006394
6467
100006341
300001907
800006302
100006185
300004597
300007236
400003251
700001489
600004851
9342
500007363
900009630
5296
500001522
100001264
200007189
600001685
700001073
500005335
600003786
800005812
100000583
4871
400005632
800002068
706
600000162
400000918
500005754
800008886
6652
100005684
200007111
900004919
200001127
700000232
900007906
200000658
500007598
400008701
800006884
700005450
700002537
700005096
600002098
400003181
800002314
900008330
800001416
800000546
600006528
100005890
600005301
500007190
400004835
100003764
800001539
700009888
7726
300001001
900004228
300005173
400004413
800004838
781
100007692
500006627
500000054
6555
400009264
900004245
4580
900004651
300009520
700009740
700005817
700004736
700004915
700004751
300002822
400007947
700000810
500000778
600005593
900007815
300001064
100002615
800003751
800008763
800009086
200000606
900009724
600007209
900004425
300008415
6831
800007315
2491
900003189
200000167
400008733
300001523
900000063
600007503
300008651
300003860
700003449
900009655
800004390
300002237
9201
200000332
800008171
900006055
300002284
1969
200005197
8364
600001709
200004913
500003787
300006588
500003132
100008560
9004
600004417
600003643
800003251
100003458
300005040
100003624
600004308
500002487
600005145
100009230
384
6904
600000216
100003974
600008912
400006885
700003095
600002449
600004895
2747
900002975
500009687
700005154
900008227
600006775
900005874
7449
300004041
200008592
600001955
7842
700007662
900002855
500005518
900005419
700009067
900006745
900004787
500001185
200007314
400005855
700007204
900009987
800003214
600003551
500002655
700000701
600001200
700006426
500006542
600006489
300007883
800007311
800000295
500007670
1215
600005548
200002032
500003383
700007916
900001787
400000869
6406
300005665
100000606
700002924
200005658
200009175
300008586
200004661
600009644
700009714
300003187
300003819
200004708
100009490
800006985
100000159
400007104
300000630
300006975
600006373
600007854
900003387
300008110
700006902
300000411
800009263
300005733
700007132
500003348
500000752
7596
600006390
900003618
100004996
200003170
200006967
700009918
400008680
200007302
400006279
100009081
800009583
200004770
800001448
100008149
600004423
300006371
6815
800009469
600002055
400006839
500008093
900004461
600004604
3572
900000396
400001187
100004237
400006963
9137
800007123
500009631
6050
300002871
800009892
300004250
900006889
100008350
400000998
500009033
200007588
400007904
900000054
600005019
900009160
800003537
400000541
300004206
300007065
700003459
100005829
200001615
1532
200001167
200006149
700003146
200004057
600005449
800008746
900000721
400006824
100006157
800003908
400001827
200008898
8649
400001229
738
100000394
100008506
200007370
400006710
800001527
200006140
500002976
600009829
500001319
500004072
500003426
600007810
500000986
500000001
900000875
500008303
500004711
900007156
9420
800002439
700001374
100009289
500000370
700004295
300009459
700004336
6147
800007222
900006107
600009000
200005549
600008178
200001302
400009423
700003325
100008280
200008307
200007101
100004407
800004594
100007235
400007726
300001992
3761
300004484
600003091
300002352
600000483
700001155
100003358
4708
500008197
700008899
300004259
500001571
8985
697
500003690
900002164
5253
500002749
300001931
300000908
200003374
700001880
200009185
200005608
600006507
300000927
900006551
800009567
900001028
100002038
900000443
400002574
600008471
500001527
600004217
300000988
900005191
500003730
800008923
400004822
200001435
700004199
300006018
800008405
300008518
900000070
200008947
900001236
600004809
100002289
300004853
300001544
700003030
200003909
700003920
200002339
3624
400009675
100000124
9965
400006618
800004152
400002901
800003040
6838
600001227
100008019
7467
100001848
200006505
300004987
600004018
300004928
400000545
300009757
500004339
400001830
800006500
100001219
100007908
300006278
200008391
100007569
200007872
700009480
500002501
200006118
800000578
300006644
100005316
500009996
400000805
200000986
800004807
1736
100005042
200004683
800000844
300007565
600007219
800006622
3205
300009255
900006756
900000450
700006242
500004009
200005306
200007778
200009350
700006263
800003836
6437
400003668
7709
400003113
300007994
900007830
600004199
700006135
800005037
700002035
200007302
200009562
400001545
900005546
964
300002005
200001864
700005786
900002221
600000585
700005687
700000900
600005315
700007850
600002008
400004246
800004108
400007649
900001786
400000608
900002150
800007583
700007047
400007665
100005888
700009019
500001436
800006335
900008112
400000855
3824
400004229
200001855
900004132
100005019
600001856
400005924
900007403
400007227
900004098
300003096
600002230
400007606
500007867
100003187
500001125
100009428
400001086
800001900
100005419
800003708
3900
600001983
500000560
200009150
400004626
600004158
900002448
300004309
900004902
100005932
400003966
100000044
300005225
400005337
700006537
700007727
5526
900000542
100008439
600008315
600001264
300008039
300004752
200006675
900008461
900000010
400001503
500004547
200002357
9334
7838
500005234
200006652
700000523
400006851
800000378
600005164
500005372
700008726
700000971
500004764
400000892
900000657
600004344
3058
100003374
400006276
600005703
100007155
9562
100000096
300002375
800000144
900009339
800000571
900009058
900001237
400001233
600001676
600007000
300000806
500000671
900005090
400008306
100006682
700009148
700008692
600008726
600007267
100003713
900005803
3583
100001166
600002118
400002736
600006676
800003079
200003275
6431
500001011
900000011
400007019
200008694
400001079
600001045
700001987
600003970
700005650
800008816
400002142
600008918
300001585
800007032
300001212
600000741
300004398
6279
900004857
200003865
400003602
200004871
400009601
800006201
300008552
1235
300000530
300004967
300008479
600000930
400004833
300004404
700008857
300003263
900001125
900007541
600009602
100005828
700005373
400003486
400008586
300001045
100007752
700004506
300003963
300009281
500009099
700002754
700006859
300003276
200003632
8586
700001546
100005276
600008708
900005501
800008183
400000981
100006380
900003158
100009546
2012
300005022
9712
900001966
400008743
700005070
100007259
200008132
500003532
600009110
400003801
700009486
700008541
800000278
700003944
500009734
200009781
900009712
200009948
300002032
2143
900000120
600006095
800002857
6598
700004105
500007417
300004364
5820
600003506
400006736
800008963
600009149
800004592
800006350
800009211
900000893
800004677
300007272
100007331
700001212
100009613
500009250
600000563
900008970
200001073
4733
500002611
1778
300005860
200002303
800009563
700003455
800002805
100000687
300007322
900004248
600004124
500007591
4522
400000179
600000118
300004257
8413
300002860
400003893
5112
500000101
300004146
5810
200003433
800007421
900007095
100009860
100001224
800009256
100002749
3851
900003010
419
400001810
600005510
800006143
100008354
900002050
100005581
700004160
900003207
6941
500009070
400006793
300007316
700003594
200009496
600004272
400002598
300009089
900008524
988
400009169
400002631
600001497
400008594
800008974
200002718
500004389
800003009
8088
500008190
900005297
9359
7999
900005415
8073
200003813
500007039
700009304
900001667
800005099
400006792
7694
600002030
300003796
400004458
700009097
700002462
700006303
700007324
5663
100009669
400005845
200004878
200006026
500005148
800002315
800008723
200007209
200004120
600000521
500005390
700008229
700006136
900004498
200005543
800000693
600000734
2899
100003794
400001706
5130
700009858
300008008
100002912
300007236
100000176
300002971
700008874
700009552
1202
5290
500007795
500003692
400006564
200005534
500003125
300003745
1255
400008717
200003282
800004124
700003096
100000227
800004031
900000450
800009849
100002640
300005556
600003548
700005486
400004413
300008009
200004082
500009844
100009326
400007970
600001670
4904
100006309
500009587
900003482
700007619
600002182
400006631
600001707
600003358
600006734
700009629
300006308
100007402
200003883
100003964
500006634
100003744
400001072
400002321
100001654
300000857
8101
800007037
500003268
800004191
500005277
200006160
500007337
300005417
600008405
100007138
400007875
800005527
500000659
100009968
600006724
400006238
600000355
700004547
600009139
500003317
300007557
9869
400001108
700007950
800003680
500009540
900002013
5766
100002451
300000851
900004325
900003735
300008831
100005866
400005466
300005414
100004977
300005808
800002731
500001210
200001869
700003107
500008496
700005879
200000774
400003848
300008240
600009835
700006799
500005248
800009404
300006052
900000080
200004327
900008402
400006975
900000425
200002265
300009401
400002226
600009223
400007450
100001253
100008708
100003778
200001730
500004725
600004745
400003713
300000505
700003247
700003485
500006899
700002140
200009536
900008038
5120
3299
300006933
900004966
300000241
100009593
200002308
200001235
800006111
800004318
800005359
400006790
600009130
500009106
500001196
700007958
900001736
800002396
200006092
700002149
3546
200001572
600003630
600001871
500004839
700008327
500000048
200006488
200004763
900008783
200004014
600001178
2195
300007326
7401
800006018
600005483
600008465
9367
500000265
4373
100008631
400006954
600007564
200002869
700007806
300004003
8871
600008736
500005809
300009314
900002688
600009499
5823
6263
200004358
600003903
200009127
6061
900000296
400002484
100006991
500005882
500009136
800004797
400001504
700008889
200002817
500000621
600005886
8370
700000173
400008574
100001078
900009978
100005119
2784
8330
700008231
700005881
800006993
800007937
300002706
300001481
500006660
600000317
900009767
600005238
800004788
700005639
400004047
600002411
3053
900005217
300003918
600007057
400006264
600007439
300005201
100004281
700007730
100004988
800000236
600005058
500005854
300005393
800005158
400003848
700002385
1221
800004513
800005734
800003268
900007275
700002449
600009456
900000591
200008185
100003836
8204
300002949
500009151
500002550
900007313
400006537
100001121
600003891
300003708
500000964
600007985
600005123
100006715
9161
300005078
200005762
500004057
500003279
400006301
600009321
600005834
400004459
400002183
900003051
2924
900003397
300008287
500000384
100003395
700005294
600008792
800008204
169
300006994
500009503
600000555
100002952
100009969
400005710
600002597
8921
700005291
700002908
200002632
600005523
700008252
400008415
200000133
200003577
100008583
400008160
100003705
4140
200006945
300004212
900002596
400002532
800006977
200003477
200007109
300009479
200005946
100001685
800003677
3140
300000841
700002148
500009815
800004805
900005345
600000567
200006644
300008190
500004108
100005626
700002430
300007753
100004413
800007249
1251
400006121
800002768
300008165
300004169
400007964
700009445
900009875
100003866
500005113
800003774
700006203
700002273
200001961
4694
300004533
700005748
400004333
4894
400006866
300004308
400002291
500005700
500003130
100009386
100003541
100000709
600008662
800003294
600000826
400009157
700009657
600005663
500003956
2570
500008536
600003933
100004651
600006590
800008121
800008081
100008586
1370
400000784
200000789
300004026
600007207
700008452
100000279
500003642
700005265
700009416
400001696
100001850
300000257
900004946
900000129
400007335
100007407
200001717
8357
400002560
600007533
3380
700004278
900007977
900004394
100003249
200002027
900009244
100003429
400005983
100002345
500000681
7040
600004251
300004746
900009525
100001349
945
9917
200003141
100008956
600006149
700003324
900004039
6455
300004662
600006818
700006296
200003875
400003937
400007024
800004006
800002679
500008529
500008705
900006959
900001294
100001717
8995
400004927
300001243
100002676
600002160
400008790
700007964
600006194
900002659
400003779
800009390
200006595
900006128
100001502
400003029
800008900
800001631
200003835
300008478
600008775
900002167
200007804
600002511
200003688
100000876
100004629
200004460
600001336
8459
200009256
500003221
400007638
400009449
700006835
500001547
300008191
900006468
300003204
200004812
800003185
7107
700002432
900005108
700009783
200004025
300005573
700003461
600007884
300006460
800002236
700008101
700009387
600007337
800007256
700008141
700006332
600000328
200007053
500006960
100008074
200001857
500002135
900004228
700006088
800001309
300009512
700006322
400007864
900000810
300001751
900001663
1611
300007448
800009521
800003065
600008549
200007491
600003527
774
800006002
600005364
500000491
2707
600002771
500008783
700009981
200003617
500005082
800000498
9057
100009747
2310
800009207
400001647
400009336
100003841
900009422
600003258
700001468
900004038
400007620
300007411
700001494
600004902
500001735
900001315
700005513
300004147
400008394
500007920
800003149
400004661
800003181
600009469
7295
700008942
500005990
900005000
500005071
400000142
200005703
400005244
500001827
100001628
200006461
700004755
100003100
300005670
200003554
700008073
200007336
900004765
500003664
300005476
700003535
100009693
3678
100002481
200008031
600001058
400006098
500000686
500001463
7764
500002100
100002038
200001354
100001914
700007330
900003946
100001893
100001346
300006147
600004564
800001971
200006344
900009464
800002808
800009559
6539
100007247
400003801
700006466
200003252
200000673
500008055
400006972
800008273
100005707
100000440
300004668
500003195
900007563
900007710
100008062
200000100
600001720
600006271
800005071
800009634
900008347
800004197
500000192
600006443
400005648
100002343
300004230
900000309
500005007
100008080
700003848
400007230
600000518
700005084
200001234
200006860
400006050
700009434
100005911
900004267
600009494
500007435
100005001
200002924
700003150
200006219
900003218
900008017
300004896
500004920
500009050
800003654
500000689
9827
300009510
800003372
900001458
400002267
4811
700001926
200007199
800001816
300006352
6843
100009742
900006620
300003911
900005185
900002730
900005154
6885
200001702
100008837
4903
100006183
700005343
600002546
500003063
400007383
100000877
400009939
800006752
400000743
800007780
7941
400007210
400000335
300009805
500000311
400001700
100001887
400007447
300004135
300007525
400005553
100003950
500002973
900002253
100007351
900002175
600003846
500009099
600005276
500009553
400008706
600005084
700009192
400009478
500001111
200006137
3564
900008510
900003137
100002890
200007770
600004130
400004912
700005130
600009671
300007400
600002898
300008691
300009099
600005353
4973
700004684
700006690
200005353
100003148
700003992
340
500008072
300002196
800002851
200005156
200004174
4541
100007895
300006567
200004860
400002313
200008032
600005553
600001289
500009771
500005857
900004575
900008513
400006721
800001401
100009678
900002636
900006018
800007306
100002269
300004675
6557
900008933
100009743
300004353
500002258
400005400
300007011
900000176
300000817
700007212
200006408
400003889
300000592
600007423
600006366
400005492
500002092
300009289
900006506
500007503
200008550
100007058
4347
900000896
200003388
500008744
500005602
300001189
500002576
700007706
600008631
300001616
200006093
500002249
400009827
600009716
300005207
100008370
600001359
200005806
200006853
800007037
100009944
800008637
600006427
300002680
300006140
300000986
500007234
500007572
400005803
100001147
300007973
8136
700002032
400001374
100004586
400003610
3346
900008539
600008721
200006189
200004666
600002440
800000198
500004104
400006583
200002096
700008253
700009701
5042
400005114
600000596
500009866
600009536
400001821
600009327
500003486
300001744
100006859
200005064
400001766
900008715
800009918
400005950
700004663
200006538
800002219
7316
600003271
200009392
600005562
7045
800001106
700000279
800006666
700000430
100007609
100002825
900000523
600000066
191
100005897
700004819
3524
600006233
500004815
6760
100004975
700004298
100007507
800005931
100002638
800001362
700001149
900004622
200004270
600001562
300005730
900009740
800002504
400005417
600002910
900003038
300002203
100000626
300009949
1691
100005738
500009615
600001483
900004962
8630
500006281
700005368
300008764
600005438
200002709
200000895
700000688
400004902
3265
800000269
800004879
900000887
100008979
1245
500002035
300006066
900006429
700008814
900009704
600003520
400001582
700003640
600009685
300006143
700002596
900005067
400006821
800002090
600009591
800001536
900003274
400000587
300006964
900002522
1826
300007788
500001385
100006505
400003864
900005674
200008612
300007071
500003678
5297
700009102
500002825
200007041
700008285
200000093
600000699
300001067
400004831
400007255
100009288
7794
200005449
800003678
600008510
200009919
800003844
600007458
900000072
800008200
4169
100002953
5805
800000507
700008344
400009768
100007375
700006085
900002976
800000290
100005406
800006161
100007539
400001622
3395
300005973
500006040
600009018
5941
800003368
600000336
100005068
400001957
600006722
600008977
700001803
900000062
200000897
900003799
400003234
600005763
600009542
200008122
700001243
500009829
900005832
800006825
500000772
700007768
200008411
700006121
500005058
700009001
900006807
500005096
100005258
700003808
900000263
800002462
900002556
100007752
800006577
500003525
700004009
900001155
300003009
800009550
400003726
900004700
700007847
300001356
600006148
800001467
700000766
900000454
800000279
100002643
400003781
600003639
300005758
8210
700009419
300001780
900008927
200002562
2485
3173
300002344
600001206
700009550
400006931
800007189
600009150
300003857
300001435
600002183
300008975
500000301
600004973
100008624
900004091
500001580
400000881
600004742
500009954
100000675
300006882
900002187
100002318
300002042
500000853
300004842
700005297
1810
500004284
100001298
800006507
300000744
100008750
900001695
100000711
700007553
300000801
100001417
100000280
300003721
600008405
700008419
600004649
800002783
300002138
5465
700008603
800004941
600009802
800003217
100006418
300007933
600002487
5197
800000122
300003628
600004046
500008151
700006633
800004921
400001425
8942
100008225
300002033
400005842
600005685
300002018
800009816
100002088
600002328
700007413
700007996
200001552
100007119
900003261
500001991
700007826
200009067
700008135
700006309
500009169
900007228
500000411
200007039
400000602
8923
900009623
800006005
100008449
400003472
690
200003226
7339
600006364
800000141
400005440
300000182
500007750
1829
100004630
9961
200002657
700003330
200007577
500004646
800005167
300003219
700000199
200009901
5155
900005838
400003390
200002254
400009348
100008215
100008876
4074
600001050
500006330
1885
400002424
300000958
400009035
400004264
500002605
700006641
900003435
4679
800002900
700001881
300009372
100001848
400004298
600007685
800001149
400008014
400001155
700002623
500003945
100005194
700003903
900007574
200003412
700000501
100008277
900000220
400009763
600005529
200001863
300000127
600000885
300009142
7553
300008782
600006331
800003584
100007329
300007760
400008170
900003312
200001149
100009742
300006416
600008197
800007171
500006522
600009266
500005757
500007364
900009162
100001440
4538
6358
5990
500008641
200002242
500000306
500002487
6129
500001357
600002552
6326
400005860
100007308
600001241
214
800006457
800005634
400009619
2704
800007227
100004970
200003134
700009821
900003468
100009572
600007057
100001889
600007798
300008005
4511
400009748
500004342
1163
700002153
800008315
400005747
100001798
700007698
400001943
600008338
400000869
600001833
900006602
700001970
600001132
400005237
100001065
200005446
800004165
600002650
800004596
800002839
900001601
200005195
600005432
683
100007178
400002294
200000568
500004402
6949
600002412
200000268
500009295
400005894
300000834
800008594
400002545
609
100002284
800005541
500004882
300008206
200008548
100008697
700001312
100005576
3362
500001831
400005675
5852
600007893
600000467
800005466
800005362
800006063
800003425
500007967
500003643
800003902
200003562
500003871
300007533
200008395
300000808
400000618
900008180
300006945
400000293
8655
400005746
100004166
200005199
700001360
700002913
900009446
300005402
48
600002221
7544
700001639
100004742
800005072
700000134
300005803
300008396
300009124
1977
500006125
700002531
500002580
300008131
700001513
300005528
100004255
700001498
700006945
200005975
700005390
2675
100005570
600002028
300003929
300000999
700005851
800008627
400003951
800007894
200000976
400002921
100006850
700005566
500002198
200009806
600002051
500002698
900005743
900002987
800009130
800009270
700005792
900001739
500001015
100009739
100000597
400009449
700007872
400005346
1961
600004246
600006748
100006686
100003385
500009841
500001244
800003941
800008578
300009497
900002961
800004380
200006644
600008125
200007314
400003056
100006424
300005682
300001186
300000002
400004234
200009462
700008933
600001928
100005450
500000543
400003959
500007089
900000413
700007710
200007865
800005748
700002930
300003652
200001771
400009856
300005023
100007436
900004810
300000388
2688
600001250
400007643
900001492
900005229
100006053
700008202
300005344
500004099
500004263
5236
300007162
800001404
500005357
200006134
400000001
800005908
600003907
800005439
100003552
300000505
100004151
100007125
400006378
8973
800005615
400001478
100007922
100003134
400000114
600000419
600008585
500007890
100004535
587
100007080
500002202
600006746
200001988
600002620
900008665
500003477
200000287
3056
900001751
800009386
5887
900007093
500001263
400006826
300002867
200002541
1776
200002932
700000310
400003556
500005665
600000804
300005507
300002304
400006680
400005796
500000478
400009550
200006257
600008641
500004313
500003339
200007505
900008922
700005766
100005244
800005553
8184
900001633
700005387
3375
700006185
600009305
600004996
600000192
400006801
5657
100003607
100001246
500004737
700005772
300002201
100004521
6560
300008401
900006606
200007138
800001745
100002316
800007118
5223
600000183
200000392
900004592
100003427
7689
700005398
400006664
600005013
600005337
300005078
300000086
700008543
200000002
700006552
7524
700001201
200001669
200005181
800000227
4299
900004983
900007239
300007012
700009528
300005358
600003756
200001243
800004308
300000100
400001043
400001698
8310
200009319
400008281
700008908
5277
500004431
8348
800006783
700001905
100009823
500008238
800003333
800009208
100004138
600005755
200009660
400004968
9050
400004774
300003050
500003302
400002019
400001305
700005751
1539
700003093
400007493
900004026
700008011
900002585
600004452
9772
4005
900002562
900008918
500000722
800006084
700006535
9337
700000997
600004847
500009830
4772
7337
300002514
300008543
400001659
400005502
600008232
400003774
100001563
600003003
100005359
600001941
800004813
900002486
6942
9902
400001357
100009856
700007679
900008905
300003062
500009521
600008012
300000797
1419
300002986
200003440
500006295
900008152
500001926
400007917
600005834
400001985
200004865
700006060
200006704
400009766
2742
900005433
8768
900007509
9124
5879
700003241
2007
100004103
800006256
600009066
900006609
519
8536
500004467
100002391
300000618
700003545
600000881
200003362
7564
900003341
6889
3005
400000208
200007153
1405
2117
100007528
300009383
600003254
900007855
200008655
200005380
800000067
600007356
500009285
500004274
400006399
700000778
300008773
100009503
200008863
600000851
100005342
800004669
593
400001870
400002270
600005700
600009551
100000428
800007452
300006909
100000251
900001764
100009005
9095
2244
300004794
800003578
500004429
700003070
300003071
600006616
700009676
800003497
700001923
400003805
300006857
100001193
700004673
400000129
200000058
900000313
600004562
700003461
800001734
800004399
900006717
400009824
800006599
1823
300005637
400007254
800008873
900007788
300008201
900006606
700001873
600005855
713
100001293
100008583
100006178
900001459
3873
600003997
600008489
4750
700000560
300000655
800007855
800005312
100002298
900009030
700009965
726
9448
300001250
9748
900004639
600009714
500009147
400003003
200006126
300004498
500001025
400001504
600006729
900004115
3011
600003231
100008039
500005037
600000099
593
4433
700008800
600005117
200009060
2455
8186
200006004
500006583
900001898
400007099
200003065
200000306
300009252
7166
900005969
100005145
400002637
500006088
100006161
800005897
500006377
100003590
500009165
200007894
900001376
200009742
300006988
200009546
200007792
300000115
500002436
200006365
700006744
2560
9613
700006078
100001935
300005358
600002108
900002802
900005209
300008442
200003201
700004291
100002798
800005178
800005027
400004061
600009552
900002714
200009690
900003329
200002491
100006482
700003166
7092
400003925
800002221
4458
800002969
500005372
200006161
200008312
507
300006643
500003888
600008805
600004743
200002093
200008942
3230
100004302
2401
500004510
4636
200004429
800009192
400007513
600009517
700004996
400004406
200001826
300006523
300004034
100008777
400009401
500002945
800000963
700005969
500009429
600002645
300009501
400004564
700002723
400005474
500008106
300002928
300001757
400003759
6170
300009509
200000184
200003955
400003953
300003018
9401
300009475
500006302
700000370
900004865
5315
400001220
300001374
800000221
600005686
700007818
800003567
5426
900009498
100009040
800003759
300003871
700001583
700009606
300008550
600000782
6234
500002576
600005001
400001644
900002009
800002764
200005550
300004507
900002214
900003079
3546
4433
200002065
300005050
800009927
300007345
500004504
200001154
200000864
100003272
700001057
600008051
900009638
700009460
200000068
5024
700005292
2839
9981
900003930
600008092
1724
800002122
600006326
900008775
300007963
600003743
200006794
500002564
200004624
600001344
700008404
300006157
400002511
700009649
600005285
500005828
800008059
200000564
500005910
300004398
600002656
700005871
500005393
500003654
200007405
100000871
500000387
200000221
800008951
900007538
600002443
900006559
300009581
800003733
200005818
600009815
800003640
600007771
3750
500004411
200000938
800004754
400009338
700001257
800000252
1254
300000687
600003295
400000072
900008655
100004454
700007822
900000819
100009877
9018
100001511
900000928
100003790
100001785
400006602
6675
900001066
800001516
100005749
500003755
900003200
200009357
500002075
700008365
200002936
600007246
900008859
600002434
400007253
100008557
400006591
600005879
400009099
400003320
800001908
900000180
100005699
600002152
7831
400006905
500005435
900009516
500007735
500008524
600003486
700008795
300007257
3710
800006176
6389
400002824
500009456
300002758
5058
200005885
300006122
200000134
700001212
300002676
200005367
600007999
900001644
300004556
700006162
600007912
400002806
100006418
900004451
700002528
100005157
900004343
600005303
700000725
300009087
800003830
600005466
400007528
200004943
400000230
400005175
100001022
100009652
900006695
300003521
900006591
500000909
300002015
700003675
600003373
600009535
600008810
300007324
800003305
900001835
400001570
800005387
9307
4476
7129
8035
500005630
900008571
600000559
697
900004218
500006341
300002218
100005922
5427
900006395
600001804
300006818
400007691
100000339
700004388
900008424
600003761
300003343
9835
600009838
700000601
300007364
6704
500009519
800002914
200008172
7800
100003813
900009211
800005092
600003500
900003663
800005565
400001330
400008860
900004977
100001118
4311
900009545
6564
1994
300006426
700001113
200003916
900006806
400002262
500009506
600007411
900003828
200009045
900003253
600005872
200003620
500004323
4454
100002995
300008012
100000156
500006737
100001230
500003210
700002910
400000831
900001471
200003305
200004622
900002402
500005060
300005570
400001639
600006375
100009589
3359
900003663
600008411
600008109
100008118
200002910
300006367
400001673
400005818
200006920
200004875
400000221
800007476
800006215
800009406
400006255
900008827
300002041
400000323
200001544
900008645
800004922
500008775
500007187
300000039
100006483
5327
900009618
300006108
700000938
900008846
700005809
400009040
400005908
400003515
4241
5406
500009112
500000328
300009914
600007556
300008509
400007307
100005615
800003751
900004992
400005546
200009775
300002732
6016
600009424
500002586
5006
200008662
500007747
500007198
400003248
500001052
800006401
8984
900004274
7220
700005349
700004663
800007108
300009706
900001075
900005522
200009968
100004439
800001246
300004597
100001536
800000151
600000603
300003867
200002567
600002761
900006628
100005085
100000779
100008978
300007682
800002051
900001531
100004443
200001735
200008901
400001632
7703
300005213
600005698
100005913
500000126
900001797
900009416
300001603
100008676
100006471
400007633
300006949
500000121
600002104
900009997
300003517
100003316
8954
900005217
600000207
100001876
300009046
1779
5584
700008617
700005035
400004247
500000103
400004033
900006555
900008132
400005679
800006570
800001113
300001715
600001312
200004385
200007716
800000306
200000080
800005668
900006567
900009922
600005628
700003664
400004783
400007629
8796
500000020
700000982
300008119
900008737
100006150
800007930
200004577
400003709
300002399
600001710
400006237
800006072
200008482
800000480
200005860
500007462
400007118
500006386
900001136
900004438
400008993
400008609
600006836
700002368
800009158
200008981
400002056
500005963
3608
500006045
800006531
7055
700003865
600002129
600004743
500002184
400009116
400009474
5006
100003327
100007285
700006008
900008312
600007844
500002774
900004394
47
800000641
6348
100000242
4804
100001735
700007131
800000341
500003861
700009627
800001723
900003880
7079
400002230
300000468
400009727
800008497
700001260
200008556
900005724
500007432
700001143
600003692
800007096
900006139
800000711
200009793
9762
500008685
300009703
200001773
200009042
500005858
600005156
9462
200005749
5968
3289
600002268
400001930
400003138
800007037
500005318
1086
900008479
700000229
700000089
900003011
200008759
9629
900002925
900003607
400000791
200009723
700001800
600003164
300005792
2122
1623
200003586
100002517
600005389
500003489
900001075
700005155
300009617
400006410
700005317
8048
800006198
300009160
100009728
800009226
500005702
8078
800002832
800006638
8891
6608
100007004
500005559
500003284
700002740
800006369
500003076
9231
400006126
300004124
800003410
400001827
7113
700008617
300009656
600009391
700006985
700007979
800002298
800008228
500001212
900007561
9987
500000560
7315
400003684
200008466
500005621
100002415
3045
300005807
200007633
2531
900006200
800004027
200009847
700002152
200005132
400001020
400008236
800006657
400006626
400001538
800004147
500008311
800004574
300006511
9299
200008242
700009594
600005443
700006583
500004740
700008798
300004926
100003572
400001788
500005394
900001124
200001630
700009717
600006727
400004547
800006582
400008159
100009596
8598
700003267
100001003
300005895
800008711
5623
700007786
700003794
300006480
200003228
800002918
500007224
2967
300001146
900006263
600007842
900008145
700004204
400001133
500008744
500001650
700007646
400003029
9517
900004077
400009737
700006982
400005103
600007177
700002980
900004909
400001270
100006344
700005421
200008833
900001371
600008710
900005355
700007880
800004564
3237
2622
400007622
500003202
400001951
200000091
100001139
100001447
400003409
500008079
600008373
700001505
600006505
400007588
200009950
5585
600004774
500002460
800006392
600004761
600000701
7570
400008100
900003877
500009523
600003452
400004691
300000723
800001745
900005747
1523
200003367
400001097
200008554
100003004
500009069
400000974
300002506
200003566
200002634
500005440
700000496
200000047
600001568
900008606
200003383
500004241
400008942
600007525
900002283
4884
600003008
900009667
400003425
400006060
100002413
400002344
200005930
100007363
500007384
500005185
100004798
700002994
700009134
2844
700002938
400004951
200000798
600009461
100008000
100000529
800003770
500001782
500003580
300001058
200007665
200003752
600004771
800009100
900005782
700001322
500007663
500009184
600001240
400003978
600004660
700000397
100008543
200008869
6807
800007925
400000277
700002598
700005410
500001978
300006550
100007737
600002897
600000062
300001479
400007168
800005969
900001443
200003783
200002822
300009039
200008316
900000585
200008105
100004044
500008239
800001759
300003760
200003473
400001281
200002940
600000650
900002223
700001140
900001917
900000233
700007651
500002553
600008624
700006565
500006755
6771
200007483
4053
600008617
300002209
100005125
900003260
200007537
400003708
400008185
700007443
600005881
200000946
500003483
500005998
300000129
300001235
300006918
600002438
400004868
200000574
400002191
400008584
900004658
100009871
300007113
200003330
600002215
500005142
600007277
3171
200004199
100007670
900004935
400006817
300007252
900003122
900000435
500004500
400009970
100009382
400004429
200006110
700005925
4940
300005330
800002178
700006028
700003482
600005881
100008682
200003660
100001175
300003379
600006548
700006795
100009124
100007545
300002189
600002036
300005419
300004795
200009667
9127
200007665
400002237
800007039
900009420
800001692
500006735
600000816
700001860
3436
100008228
100000178
300008710
900001354
500005553
600008428
9758
900007220
9163
200007190
900000149
400008036
500004073
800000633
700004742
800009546
800003208
200002472
500009242
600008227
500005473
7864
800007242
900005720
900007692
400005241
700001296
500009018
600003161
100006958
700008437
900002090
900006655
1838
400002363
200008459
2546
300001771
500008466
700003925
200008155
200001688
600009913
700009198
600002595
300003784
200002417
700000601
200006699
200005300
500005545
600000451
100002630
400005609
200007220
400004274
906
300009035
200000553
300009325
300000362
200003732
200002150
800005020
9579
500008178
400001484
200000488
300004730
700002761
900006849
400004004
800003692
400006973
100001010
400005185
100005140
300001063
800006096
600006153
900005133
100005056
800002660
800009311
100004268
300000025
600004056
700008778
600003280
300004070
700007108
100003533
400004597
900009751
200003181
100009512
100005087
600002202
900004521
600000901
500009278
600007759
500009011
900009234
200001957
600002476
500004900
300001833
500009650
300009020
600006918
600004040
100009241
100003446
900005198
200005577
400008627
800007009
800001201
100007252
7550
900008756
200008334
400008801
300005273
300005848
100005320
700004880
200007367
200009420
400007380
6471
8646
600008870
600006243
300000277
4345
200001243
400003238
500007440
900004714
300007626
400007908
700009847
600005830
700008740
600004285
9574
900009371
800006437
900000404
400002477
500007713
900001067
500009150
5625
800005727
600007101
100003296
400004553
500005030
700001785
900002724
700008855
700003408
200008412
300002837
100007936
800000045
4728
700007614
9396
300005417
800008980
3182
500007438
900009884
5440
700000727
400003217
300008929
200003277
500007043
900006010
700000089
200001197
200004791
9481
900000195
600008258
500004804
700008385
400005171
800000036
400003777
900006716
300001474
500002009
700006306
300003456
2248
900009303
300004119
800003971
900005598
500001969
500003064
400005249
600009344
700001042
100006656
700000419
900006173
300008979
200000797
800009670
500008783
500001494
6095
800001133
300002118
800000968
400004986
200007798
900008738
3558
900001424
200002518
600003262
200005113
400009479
500003600
100006833
800009926
800002239
300005710
500006856
400006845
600005006
600007138
400007896
400000458
200009544
500001346
500007019
500005759
100005693
200005771
200000395
600005838
900002009
300003313
100007192
800000815
500008456
8609
400006572
800003037
200007209
900009201
900009084
600003545
800007203
700008672
700004073
500002998
600002327
800003354
700003331
700006679
600006496
400007537
9434
500005369
8085
400001819
600007738
600008996
200009382
300005146
900005230
900000642
100004842
100002324
900009711
200005783
800005645
400007319
700007230
200006293
200006260
600004286
100002478
600000434
900004441
200001131
5610
200004180
500002428
500009835
900000399
400008870
800005886
800001723
500001581
400008208
300008144
100008053
600001247
200001958
800004822
700008827
600004004
500006663
300008005
600003985
100005230
200003648
6083
500001624
600001965
900002245
900002879
900009946
400005762
800005955
300003578
200003033
400004322
9850
800006691
400001673
600005462
200006272
3770
800003878
300009674
200001394
200006998
700006113
800009905
500004803
400003076
700000260
200000580
500001245
500003694
200000007
400008434
200009258
800001768
900006966
800008901
700004993
800001834
200005997
8483
900002634
900008070
800005980
700007986
800000934
700002039
200007961
300004093
900000598
700000895
500007581
700002534
800003026
400009915
600008479
900002256
100002004
900009217
400001675
200000869
600002964
400005097
700005797
7698
100007613
6597
900009407
500007446
400007470
600002326
900005599
200003477
300000075
300004793
300001279
400008668
600000423
700003237
200002572
400000664
8523
900000333
100005381
500002596
200002246
200000663
400006499
900003619
100005535
700003156
400003643
300002069
800009836
700003010
500000009
500002510
700003559
4415
100007049
200000577
300002088
800000706
700005794
7379
100001793
800005023
7444
900004717
500003133
800007401
800000938
600009838
500003760
500007837
500004802
100001911
8458
5414
800001434
300004357
500005148
400000201
2768
700009007
9989
300006475
800002229
200008990
600002167
300000497
100007605
900006263
900003693
900005514
400002928
600004255
100002636
200009621
800007002
400008533
400000267
800007607
200000265
200008419
6991
700002169
600009212
500004099
300009168
600005636
200002180
500007265
7207
900003332
800005343
400005706
100003500
900002308
400003063
100005787
400006714
100008995
900009196
500001048
400003804
794
100009994
700006163
500005247
500001507
900006515
100006379
800005971
400007688
500000046
700008226
900003230
4164
400004420
200005961
500002806
800002463
400008229
500001602
100005847
500000920
400008843
600002584
200001265
300002354
900004753
700000492
600003246
500004991
600004218
600004617
100004362
400000229
900000739
400002364
100001961
700007445
300006362
900004154
600007337
9588
100003842
300009299
400009554
500000348
100006209
400003468
200000945
400002331
300004397
800003755
800005516
300008991
5085
700004387
200001617
300008880
900005006
700009508
700009635
700003215
700003216
2674
500002582
300000737
300009817
700000784
500008025
600008665
500009632
900008460
300001017
500000273
400008514
400000249
100001960
9363
800001004
800002695
900007871
900005495
200002442
100002939
800004071
400007639
8897
900007556
6829
300006680
600008569
300005405
400000259
900003268
200009182
400003886
700001075
400005466
400001630
600003070
400005006
900002473
300006249
200005676
200007245
400009856
200008777
700005361
400004493
900000614
600002430
700002952
100001341
100008084
800002945
300008842
600001081
100003358
800008844
600000238
9054
600004893
100002310
800009713
800005027
400005165
400005262
500001138
500004073
900000286
700003863
700004852
500008451
900002614
200005533
200000659
900005472
8126
500003230
300007301
300000581
300008744
100005974
300002095
900001772
200003285
700007602
200002692
800006364
900002969
2845
400000738
400007068
100001001
900005111
800000540
4721
9870
100007870
400004148
3695
6211
800007744
600009423
600009986
400009524
700006780
400005189
800002835
1584
800003535
6405
400005648
800006992
400000690
200002859
800008335
500007390
500005708
500009845
500005070
200007658
100008959
800009409
900003841
300000371
600008033
300006024
800006821
600009934
300001944
800006866
400008948
100009949
200001196
400005186
500002390
600003553
500003017
700000518
200007153
900009302
700000185
100008840
500004107
200000068
700005617
400000096
100007523
7793
100006278
100008399
800006459
700006261
500003939
800007482
400007952
300009233
200008340
700007103
400009250
800005242
600006232
900000029
100003118
100006098
500005288
300001249
400000210
5266
400009449
500005512
900006431
200007311
200004765
200005367
700005919
800009093
800004470
900009239
500003699
900007733
400001540
700006913
100008157
100006883
700003532
4756
6768
800009959
800004755
8753
700000275
800001511
500006435
800004259
3307
700008753
900000926
500009548
200006301
200001589
700001836
500001966
100009147
100009117
7208
200003701
800000792
200002441
600004282
200004077
700003975
600001348
300008264
400000979
700000536
900000267
600007049
900007393
600005244
300005364
700006934
600001952
200006246
800008839
700003711
900000361
900003674
200000919
400002248
100004509
700000841
4493
600005841
400001584
200009441
600005555
600009452
300009507
973
700009490
700008040
300000605
900000934
300009095
700002087
700008846
900007090
200001214
600007971
200007944
100000083
700001433
800000299
300000183
400004327
700008204
700002682
100003976
900000241
800001721
400006162
400000146
900003770
900009333
900002190
100002077
900004582
100004989
700006451
700006594
900008238
500009707
900001325
700007615
100002877
500004170
200008868
700000593
900006454
200000856
200000285
600006599
306
300004544
100007931
700007085
700005172
400006740
100007249
100002793
500008888
200000375
700000613
600002394
300007314
8362
900000172
579
800000238
200001445
800009279
500004561
3255
300001205
400000978
600007479
700001221
200006228
200002471
700008929
500004385
200000753
900009363
500005993
200009865
600005898
500002043
200001473
800009472
200000605
400004389
900008192
700008314
100009299
600002706
300004709
400004822
300009288
500002277
500009990
900002919
400004147
100002024
2983
300002713
500006758
400001495
9740
400002214
300007794
900008271
900004186
6206
500006312
800009653
700002070
800008917
400005861
700000204
100008904
300000876
800009589
200007668
700005660
600001050
1828
100002571
300009058
100000981
900008427
700006184
800008373
500001649
400002061
600009929
500003403
800009260
400007548
200000492
400003311
300000772
600001389
400001830
700006633
9426
100009166
900009282
500008967
200002441
400001985
300009789
1694
100009421
200009465
300006351
6277
600006621
500000442
6828
200002328
300001226
500008313
5854
300002365
400007418
200000551
900001120
9207
400004525
3317
200009967
600004973
400002427
700001418
100000735
900006030
700003796
800002239
300006915
400000217
300003630
9503
700002535
800005645
800006684
400003062
200006834
800007466
500002869
15
200006707
300007548
100000896
700003585
600001723
400009362
300005477
700009716
200003515
500007371
800007941
900000544
600002529
600007970
900001003
520
700002224
400006135
800005894
5492
800004704
200004137
200007758
200004431
200000885
300006620
100005722
800005418
200007910
200003109
900001624
200004845
600001731
700002801
500000857
400006125
600007339
700004600
300004071
400004057
500006242
700007370
500003276
6398
600003514
900005765
900005611
600009091
900001009
900004798
800000881
300008203
300000725
200005359
9545
200007006
100007310
600006595
200004458
300002732
700003891
200009196
300006760
200001635
800003416
700004204
100003596
300008161
500000369
900009485
500009500
400004475
4646
900006831
200004322
200002744
7681
900007906
300009879
300000933
100000332
500002012
800009227
800000706
1699
500001020
500008662
700003661
800009029
200002381
100005191
700008506
200004565
600002129
800005113
900000286
600001177
800000054
200004233
5467
800005468
6672
100002897
3238
100000891
800007201
5320
400000415
800007994
9317
600005625
600003123
2677
700000988
200009071
200001273
800004645
500008297
5924
600008352
100006795
400004599
200000782
800007602
100004783
100003346
300009329
900000536
400005102
6973
600008537
800009654
800000698
900003700
500005596
300006639
700005535
200000625
200008090
800005463
200000260
800006272
300000420
300003637
900000420
300008568
300006790
1631
2650
800004261
900007899
900008973
100008421
600003748
600007968
100002583
900000003
900002596
600002183
900006888
700002369
100007138
900009464
500008053
700001617
200005190
700007731
400006373
600008738
400001176
200006292
1568
700002112
6327
100002570
800007096
300006205
3561
4117
600000992
400001333
700004894
900002313
700009321
100005557
700000897
400002085
500008000
500000382
700002703
200006971
600008602
900006785
900002841
300002032
100007257
200003167
100005014
900003899
186
600005690
7451
400003190
800009964
600003834
5032
800003216
300005982
800000872
400004119
300003593
600003418
600009472
900006157
6631
800002054
100009045
100002680
600003008
700005734
600007293
300002954
800004517
400008134
700007191
200000483
200002759
900002730
500000224
4635
600003859
900000462
300001828
600001261
300002160
900000722
500003979
400009272
700004541
400005088
1069
700004958
100002293
600003529
200005605
8394
900000835
900008598
600006151
300004083
900009953
600004093
800002566
100008209
600005206
700001897
500006270
100002100
500008330
8524
800003041
300001944
800005306
100003736
500003905
3216
200002199
400006339
200002700
100002798
400002223
800006841
200000182
800003042
600002233
500008241
800007409
500000219
600008509
400004255
100002558
800004696
4446
300001998
200004700
200002883
200007274
900001320
900003081
300002649
100007288
600007913
5828
400001197
500000633
600003964
800003535
300000053
100007314
800008897
400002731
300002869
800008023
800002457
3536
400007358
600007829
1398
400001192
700006449
900002366
9948
500001844
500007705
300009237
700006841
400008151
400000273
200008925
6381
1970
200004712
600005167
900004182
700004851
700002667
200003373
300009628
100000212
800009534
5604
500005360
9700
800004981
900004860
700007361
900002641
500001720
500003707
400004178
900002513
900003754
200002012
700001854
7771
900001343
200009187
500004454
800004327
8681
800005601
100002818
500001778
900006927
900006024
400003861
700003029
400008330
700003270
300004480
200002900
200009630
300009724
300005078
200002470
600002826
400006361
600003897
300007997
400000723
700005557
300009114
900007541
500009939
800007772
4784
900001679
300000237
900009142
2630
9121
300004244
500000985
4913
800001902
600008113
600003264
600008079
5561
800007540
700003429
2037
700001613
500005239
900006019
400002982
700000834
900002824
200009407
5339
700008589
700003135
500003889
700004073
500004736
900005683
100001530
300001315
900004932
200007071
100006949
309
100003711
800009593
900003326
600004717
800004769
200008657
200005452
500000758
700003352
800001456
200003732
900001268
600001660
400001647
800001062
200003522
500000593
500005264
300004473
200007424
200009002
500001774
300006976
800005873
300003650
7289
692
300002131
800002342
900007517
700006499
900003486
700002765
500009878
500003882
200001766
400003986
900005647
300002417
9924
400009548
700000772
400001610
700006898
600008107
800006502
800000419
900001582
500001914
300001755
100009900
500008575
900008155
400006677
600002434
800004662
800004426
800004490
100007715
900003725
500009848
500005406
300000033
900008195
300000540
200008935
200001159
700009476
800002071
200006551
2462
800009652
100001489
700002753
400005969
200008077
700006149
700003832
700006698
300008626
100001296
900002525
800006409
200007720
500005758
700001132
800000451
400004167
700003018
500005129
500007802
600001134
800009011
200004232
600007660
700001960
700006428
500004006
900008024
7461
500009182
100006762
700004113
900004734
900007509
700006055
100006103
100007215
100005037
600003618
700006357
100000535
700003720
600004920
800000987
300007352
900009130
1187
400002878
600007736
4912
200003032
100001910
600007105
900006932
900000904
422
700008794
9557
4044
600003257
200003945
600008077
300001451
200000067
100000178
900002879
600000181
100007729
500008733
900003260
600007365
600004625
800009010
700001001
600000680
600005740
700000671
100000810
5741
700002739
9915
600003258
900001469
1547
5934
500001198
800008548
800004442
100005054
900006706
300004580
500001966
800002425
400005122
300009797
7069
700000797
900003478
300006385
400009501
600000523
600001060
500002724
900001069
700003230
100009686
100007728
800005359
9450
600003958
700006870
100007485
100009442
300005979
900008370
400006663
100009615
900004124
900007120
900006722
200001559
400007168
100004130
100004139
900002454
300006743
800006621
600002973
600007686
100006702
400008140
600002203
800003030
600001002
100003525
600007639
800004327
500005957
800007766
500000280
300006316
800008777
300002245
600003739
800008869
900003138
800005330
200008690
800003319
300007088
800006420
100008296
900009523
700005425
800009217
800000129
800008791
700008634
100004544
800003960
600002331
700000715
800009959
700008111
600007307
900009758
300000984
800000144
700002972
5621
200007274
900004140
7413
200007001
900001323
100005530
300008320
400009934
700001970
600008112
100000621
300002920
200007357
300006184
200000908
800000614
300005866
900006069
600007881
2870
200009349
100001899
360
200009312
600004416
700005061
300005418
500009331
900002708
400000335
200003677
900007363
500003164
800005466
300001277
600001266
600005362
100005043
900009824
800005496
100003497
200008972
500001235
400008930
500008686
800003740
5033
900008218
900005252
700007451
200008493
800003480
200002966
400003121
300004104
500005680
600003212
500009288
900004471
500007140
300001070
700002838
600003393
100008019
400002264
803
500001388
400008701
300002227
300001499
700006174
100006474
300000868
9501
500008830
100009986
100005829
700001193
8672
300002964
700006937
4954
500001043
200003970
100000497
100009457
400006259
9366
200007060
200001020
200000788
200005662
700004650
500006739
700001465
500007089
800006954
500009993
200007583
800007462
800002442
500003839
500002840
400009248
300004249
400006796
200001453
900009529
700003313
700005226
700001764
800009728
5508
800007872
400003273
100005111
600009272
200000545
200001446
500002778
500008898
700006843
800001791
900005243
700001117
200007240
400007253
700003401
200008674
7871
500004056
300009561
400008006
600009157
100009301
200001845
300005760
500002726
700009697
100009608
300000131
100000703
400001280
300007120
900007566
400007103
400006447
500000738
5342
700009322
9441
600003636
800002446
300003953
900006409
900002484
500007423
300004056
9364
600001748
700000807
800000124
2756
500008431
900002999
100006254
500008394
900006353
400002065
800009786
600007755
700002524
9001
800005368
2424
700002242
100005521
300008094
200009234
300004942
700006775
8660
